30 60
-590 -100 0 0.142044
-570 -100 0 0.12418
-550 -100 0 0.105622
-530 -100 0 0.0863251
-510 -100 0 0.0662486
-490 -100 0 0.0453395
-470 -100 0 0.0235454
-450 -100 0 0.000863054
-430 -100 0 0
-410 -100 0 0
-390 -100 0 0
-370 -100 0 0
-350 -100 0 0
-330 -100 0 0
-310 -100 0 0
-290 -100 0 0
-270 -100 0 0
-250 -100 0 0
-230 -100 0 0
-210 -100 0 0
-190 -100 0 0
-170 -100 0 0
-150 -100 0 0
-130 -100 0 0
-110 -100 0 0
-90 -100 0 0
-70 -100 0 0
-50 -100 0 0
-30 -100 0 0
-10 -100 0 0
10 -100 0 0
30 -100 0 0
50 -100 0 0
70 -100 0 0
90 -100 0 0
110 -100 0 0
130 -100 0 0
150 -100 0 0
170 -100 0 0
190 -100 0 0
210 -100 0 0
230 -100 0 0
250 -100 0 0
270 -100 0 0
290 -100 0 0.0179752
310 -100 0 0.0418464
330 -100 0 0.0656025
350 -100 0 0.089045
370 -100 0 0.112032
390 -100 0 0.134456
410 -100 0 0.156247
430 -100 0 0.177358
450 -100 0 0.197762
470 -100 0 0.217455
490 -100 0 0.236432
510 -100 0 0.254706
530 -100 0 0.27229
550 -100 0 0.289205
570 -100 0 0.305466
590 -100 0 0.321107
-580 -120 0 0.0673765
-560 -120 0 0.0481077
-540 -120 0 0.0280619
-520 -120 0 0.00718297
-500 -120 0 0
-480 -120 0 0
-460 -120 0 0
-440 -120 0 0
-420 -120 0 0
-400 -120 0 0
-380 -120 0 0
-360 -120 0 0
-340 -120 0 0
-320 -120 0 0
-300 -120 0 0
-280 -120 0 0
-260 -120 0 0
-240 -120 0 0
-220 -120 0 0
-200 -120 0 0
-180 -120 0 0
-160 -120 0 0
-140 -120 0 0
-120 -120 0 0
-100 -120 0 0
-80 -120 0 0
-60 -120 0 0
-40 -120 0 0
-20 -120 0 0
0 -120 0 0
20 -120 0 0
40 -120 0 0
60 -120 0 0
80 -120 0 0
100 -120 0 0
120 -120 0 0
140 -120 0 0
160 -120 0 0
180 -120 0 0
200 -120 0 0
220 -120 0 0
240 -120 0 0
260 -120 0 0
280 -120 0 0
300 -120 0 0
320 -120 0 0
340 -120 0 0.0216932
360 -120 0 0.0452846
380 -120 0 0.068343
400 -120 0 0.0908027
420 -120 0 0.112622
440 -120 0 0.133769
460 -120 0 0.154235
480 -120 0 0.17401
500 -120 0 0.193105
520 -120 0 0.211517
540 -120 0 0.229275
560 -120 0 0.246388
580 -120 0 0.26288
-590 -140 0 0.0114119
-570 -140 0 0
-550 -140 0 0
-530 -140 0 0
-510 -140 0 0
-490 -140 0 0
-470 -140 0 0
-450 -140 0 0
-430 -140 0 0
-410 -140 0 0
-390 -140 0 0
-370 -140 0 0
-350 -140 0 0
-330 -140 0 0
-310 -140 0 0
-290 -140 0 0
-270 -140 0 0
-250 -140 0 0
-230 -140 0 0
-210 -140 0 0
-190 -140 0 0
-170 -140 0 0
-150 -140 0 0
-130 -140 0 0
-110 -140 0 0
-90 -140 0 0
-70 -140 0 0
-50 -140 0 0
-30 -140 0 0
-10 -140 0 0
10 -140 0 0
30 -140 0 0
50 -140 0 0
70 -140 0 0
90 -140 0 0
110 -140 0 0
130 -140 0 0
150 -140 0 0
170 -140 0 0
190 -140 0 0
210 -140 0 0
230 -140 0 0
250 -140 0 0
270 -140 0 0
290 -140 0 0
310 -140 0 0
330 -140 0 0
350 -140 0 0
370 -140 0 0.000565171
390 -140 0 0.0239612
410 -140 0 0.046711
430 -140 0 0.0687846
450 -140 0 0.0901636
470 -140 0 0.110853
490 -140 0 0.130854
510 -140 0 0.150179
530 -140 0 0.168836
550 -140 0 0.186848
570 -140 0 0.204227
590 -140 0 0.220996
-580 -160 0 0
-560 -160 0 0
-540 -160 0 0
-520 -160 0 0
-500 -160 0 0
-480 -160 0 0
-460 -160 0 0
-440 -160 0 0
-420 -160 0 0
-400 -160 0 0
-380 -160 0 0
-360 -160 0 0
-340 -160 0 0
-320 -160 0 0
-300 -160 0 0
-280 -160 0 0
-260 -160 0 0
-240 -160 0 0
-220 -160 0 0
-200 -160 0 0
-180 -160 0 0
-160 -160 0 0
-140 -160 0 0
-120 -160 0 0
-100 -160 0 0
-80 -160 0 0
-60 -160 0 0
-40 -160 0 0
-20 -160 0 0
0 -160 0 0
20 -160 0 0
40 -160 0 0
60 -160 0 0
80 -160 0 0
100 -160 0 0
120 -160 0 0
140 -160 0 0
160 -160 0 0
180 -160 0 7.31087e-05
200 -160 0 0
220 -160 0 0
240 -160 0 0
260 -160 0 0
280 -160 0 0
300 -160 0 0
320 -160 0 0
340 -160 0 0
360 -160 0 0
380 -160 0 0
400 -160 0 0.0022999
420 -160 0 0.00482815
440 -160 0 0.0252879
460 -160 0 0.0470086
480 -160 0 0.0680142
500 -160 0 0.0883203
520 -160 0 0.107942
540 -160 0 0.126902
560 -160 0 0.14521
580 -160 0 0.162894
-590 -180 0 0
-570 -180 0 0
-550 -180 0 0
-530 -180 0 0
-510 -180 0 0
-490 -180 0 0
-470 -180 0 0.000390275
-450 -180 0 0.00222175
-430 -180 0 0
-410 -180 0 0
-390 -180 0 0
-370 -180 0 0
-350 -180 0 0
-330 -180 0 0
-310 -180 0 0
-290 -180 0 0
-270 -180 0 0
-250 -180 0 0
-230 -180 0 0
-210 -180 0 0
-190 -180 0 0
-170 -180 0 0
-150 -180 0 0
-130 -180 0 0
-110 -180 0 0
-90 -180 0 0
-70 -180 0 0
-50 -180 0 0
-30 -180 0 0
-10 -180 0 0
10 -180 0 0
30 -180 0 0
50 -180 0 0
70 -180 0 0
90 -180 0 0
110 -180 0 0
130 -180 0 0
150 -180 0 0
170 -180 0 0.00919508
190 -180 0 0.00693985
210 -180 0 0
230 -180 0 0
250 -180 0 0
270 -180 0 0
290 -180 0 0
310 -180 0 0
330 -180 0 0
350 -180 0 0
370 -180 0 0
390 -180 0 0.0102103
410 -180 0 0.0165188
430 -180 0 0.0170365
450 -180 0 0.0127952
470 -180 0 0.00931459
490 -180 0 0.0260144
510 -180 0 0.04666
530 -180 0 0.0666118
550 -180 0 0.085893
570 -180 0 0.104524
590 -180 0 0.122524
-580 -200 0 0
-560 -200 0 0
-540 -200 0 0
-520 -200 0 0
-500 -200 0 0.00735767
-480 -200 0 0.0150635
-460 -200 0 0.0192581
-440 -200 0 0.0194946
-420 -200 0 0.0153087
-400 -200 0 0.00623089
-380 -200 0 0
-360 -200 0 0
-340 -200 0 0
-320 -200 0 0
-300 -200 0 0
-280 -200 0 0
-260 -200 0 0
-240 -200 0 0
-220 -200 0 0.00265927
-200 -200 0 0.00529849
-180 -200 0 0.00129262
-160 -200 0 0
-140 -200 0 0
-120 -200 0 0
-100 -200 0 0
-80 -200 0 0
-60 -200 0 0
-40 -200 0 0.000967007
-20 -200 0 0
0 -200 0 0
20 -200 0 0
40 -200 0 0
60 -200 0 0
80 -200 0 0
100 -200 0 0
120 -200 0 0
140 -200 0 0.0156234
160 -200 0 0.0293034
180 -200 0 0.0306602
200 -200 0 0.0213669
220 -200 0 0.00330825
240 -200 0 0
260 -200 0 0
280 -200 0 0
300 -200 0 0
320 -200 0 0
340 -200 0 0
360 -200 0 0.00499354
380 -200 0 0.0240265
400 -200 0 0.0356934
420 -200 0 0.0411638
440 -200 0 0.041444
460 -200 0 0.0373982
480 -200 0 0.0297664
500 -200 0 0.0191753
520 -200 0 0.0122349
540 -200 0 0.0263564
560 -200 0 0.0459576
580 -200 0 0.0649072
-590 -220 0 0.00121984
-570 -220 0 0
-550 -220 0 0.0054632
-530 -220 0 0.0200805
-510 -220 0 0.0324716
-490 -220 0 0.0423494
-470 -220 0 0.0494156
-450 -220 0 0.053364
-430 -220 0 0.0538903
-410 -220 0 0.0507128
-390 -220 0 0.0435959
-370 -220 0 0.0304919
-350 -220 0 0.0119164
-330 -220 0 0
-310 -220 0 0
-290 -220 0 0
-270 -220 0 0
-250 -220 0 0
-230 -220 0 0.0126233
-210 -220 0 0.024853
-190 -220 0 0.032812
-170 -220 0 0.0373075
-150 -220 0 0.0398957
-130 -220 0 0.043078
-110 -220 0 0.0340247
-90 -220 0 0.0280573
-70 -220 0 0.0223979
-50 -220 0 0.012476
-30 -220 0 0
-10 -220 0 0
10 -220 0 0
30 -220 0 0
50 -220 0 0
70 -220 0 0
90 -220 0 0.00178363
110 -220 0 0.0309602
130 -220 0 0.0511871
150 -220 0 0.0620384
170 -220 0 0.0633925
190 -220 0 0.0558927
210 -220 0 0.0406171
230 -220 0 0.0188346
250 -220 0 0
270 -220 0 0
290 -220 0 0
310 -220 0 0
330 -220 0 0
350 -220 0 0.0224978
370 -220 0 0.0453922
390 -220 0 0.0609439
410 -220 0 0.0701864
430 -220 0 0.0740464
450 -220 0 0.0733352
470 -220 0 0.0687697
490 -220 0 0.0609685
510 -220 0 0.0504651
530 -220 0 0.0377185
550 -220 0 0.023126
570 -220 0 0.0142293
590 -220 0 0.0478354
-580 -240 0 0.0360156
-560 -240 0 0.0436294
-540 -240 0 0.0532513
-520 -240 0 0.0670785
-500 -240 0 0.0794565
-480 -240 0 0.0896523
-460 -240 0 0.0974749
-440 -240 0 0.102748
-420 -240 0 0.105321
-400 -240 0 0.101057
-380 -240 0 0.0747524
-360 -240 0 0.0522446
-340 -240 0 0.0337162
-320 -240 0 0.0192204
-300 -240 0 0.00859431
-280 -240 0 0.00136956
-260 -240 0 0.00483422
-240 -240 0 0.0276389
-220 -240 0 0.0475062
-200 -240 0 0.0647573
-180 -240 0 0.0801109
-160 -240 0 0.0948068
-140 -240 0 0.110717
-120 -240 0 0.0919844
-100 -240 0 0.0724469
-80 -240 0 0.0534075
-60 -240 0 0.031771
-40 -240 0 0.00420733
-20 -240 0 0
0 -240 0 0
20 -240 0 0.000396954
40 -240 0 0.00613299
60 -240 0 0.0168152
80 -240 0 0.0355027
100 -240 0 0.0641844
120 -240 0 0.102242
140 -240 0 0.107388
160 -240 0 0.105908
180 -240 0 0.097671
200 -240 0 0.0830665
220 -240 0 0.0628029
240 -240 0 0.0377385
260 -240 0 0.00877158
280 -240 0 0
300 -240 0 0
320 -240 0 0.00937426
340 -240 0 0.0347494
360 -240 0 0.0663568
380 -240 0 0.0934924
400 -240 0 0.105197
420 -240 0 0.111565
440 -240 0 0.11332
460 -240 0 0.111114
480 -240 0 0.105525
500 -240 0 0.0970686
520 -240 0 0.0861917
540 -240 0 0.0732858
560 -240 0 0.0651872
580 -240 0 0.0695319
-590 -260 0 0.0825078
-570 -260 0 0.0894155
-550 -260 0 0.0979671
-530 -260 0 0.10905
-510 -260 0 0.124083
-490 -260 0 0.137492
-470 -260 0 0.149174
-450 -260 0 0.159043
-430 -260 0 0.16313
-410 -260 0 0.131445
-390 -260 0 0.102355
-370 -260 0 0.075994
-350 -260 0 0.0524011
-330 -260 0 0.0314864
-310 -260 0 0.0129785
-290 -260 0 0
-270 -260 0 0.0182476
-250 -260 0 0.0459749
-230 -260 0 0.0719107
-210 -260 0 0.0963873
-190 -260 0 0.120027
-170 -260 0 0.143821
-150 -260 0 0.169188
-130 -260 0 0.144793
-110 -260 0 0.115329
-90 -260 0 0.0863457
-70 -260 0 0.0557119
-50 -260 0 0.021095
-30 -260 0 0
-10 -260 0 0
10 -260 0 0
30 -260 0 0.00828527
50 -260 0 0.0275533
70 -260 0 0.0514289
90 -260 0 0.0818511
110 -260 0 0.12001
130 -260 0 0.164139
150 -260 0 0.157903
170 -260 0 0.146991
190 -260 0 0.131277
210 -260 0 0.110998
230 -260 0 0.0866267
250 -260 0 0.0587502
270 -260 0 0.0280047
290 -260 0 0.00351599
310 -260 0 0.0168514
330 -260 0 0.03713
350 -260 0 0.0634511
370 -260 0 0.0949342
390 -260 0 0.130752
410 -260 0 0.154811
430 -260 0 0.158085
450 -260 0 0.157451
470 -260 0 0.153428
490 -260 0 0.146482
510 -260 0 0.137029
530 -260 0 0.125447
550 -260 0 0.122064
570 -260 0 0.122238
590 -260 0 0.124655
-580 -280 0 0.124897
-560 -280 0 0.137844
-540 -280 0 0.156633
-520 -280 0 0.174347
-500 -280 0 0.190928
-480 -280 0 0.206331
-460 -280 0 0.217936
-440 -280 0 0.182513
-420 -280 0 0.148833
-400 -280 0 0.116988
-380 -280 0 0.0870084
-360 -280 0 0.0588433
-340 -280 0 0.0323201
-320 -280 0 0.00711194
-300 -280 0 0.00186339
-280 -280 0 0.0346881
-260 -280 0 0.0663965
-240 -280 0 0.09714
-220 -280 0 0.127234
-200 -280 0 0.157212
-180 -280 0 0.187865
-160 -280 0 0.22029
-140 -280 0 0.192759
-120 -280 0 0.15602
-100 -280 0 0.119662
-80 -280 0 0.082194
-60 -280 0 0.0419685
-40 -280 0 0
-20 -280 0 0
0 -280 0 0
20 -280 0 0
40 -280 0 0.0235137
60 -280 0 0.0529733
80 -280 0 0.0864878
100 -280 0 0.125289
120 -280 0 0.170082
140 -280 0 0.218321
160 -280 0 0.203432
180 -280 0 0.185268
200 -280 0 0.163718
220 -280 0 0.138923
240 -280 0 0.111204
260 -280 0 0.0809653
280 -280 0 0.0513138
300 -280 0 0.0284705
320 -280 0 0.0309347
340 -280 0 0.053684
360 -280 0 0.0813259
380 -280 0 0.113203
400 -280 0 0.148685
420 -280 0 0.18718
440 -280 0 0.208326
460 -280 0 0.205173
480 -280 0 0.199152
500 -280 0 0.190637
520 -280 0 0.181456
540 -280 0 0.175352
560 -280 0 0.171903
580 -280 0 0.170815
-590 -300 0 0.165627
-570 -300 0 0.187336
-550 -300 0 0.208379
-530 -300 0 0.228721
-510 -300 0 0.248349
-490 -300 0 0.266549
-470 -300 0 0.228546
-450 -300 0 0.191679
-430 -300 0 0.156007
-410 -300 0 0.121548
-390 -300 0 0.0882711
-370 -300 0 0.0560616
-350 -300 0 0.0247049
-330 -300 0 0
-310 -300 0 0.0176796
-290 -300 0 0.0531206
-270 -300 0 0.0880266
-250 -300 0 0.12256
-230 -300 0 0.157013
-210 -300 0 0.191835
-190 -300 0 0.227666
-170 -300 0 0.265358
-150 -300 0 0.236303
-130 -300 0 0.19424
-110 -300 0 0.152432
-90 -300 0 0.109827
-70 -300 0 0.0652469
-50 -300 0 0.0174944
-30 -300 0 0
-10 -300 0 0
10 -300 0 0
30 -300 0 0.0086526
50 -300 0 0.0433857
70 -300 0 0.0804563
90 -300 0 0.120981
110 -300 0 0.165741
130 -300 0 0.215142
150 -300 0 0.266098
170 -300 0 0.2446
190 -300 0 0.220843
210 -300 0 0.194735
230 -300 0 0.166361
250 -300 0 0.135935
270 -300 0 0.103745
290 -300 0 0.070114
310 -300 0 0.0509077
330 -300 0 0.0363377
350 -300 0 0.0615297
370 -300 0 0.0906617
390 -300 0 0.123244
410 -300 0 0.158789
430 -300 0 0.196839
450 -300 0 0.236959
470 -300 0 0.255445
490 -300 0 0.24735
510 -300 0 0.237154
530 -300 0 0.225133
550 -300 0 0.218008
570 -300 0 0.213931
590 -300 0 0.212027
-580 -320 0 0.239884
-560 -320 0 0.263119
-540 -320 0 0.285972
-520 -320 0 0.308466
-500 -320 0 0.270128
-480 -320 0 0.23108
-460 -320 0 0.19276
-440 -320 0 0.155184
-420 -320 0 0.118326
-400 -320 0 0.0821038
-380 -320 0 0.0463705
-360 -320 0 0.0108948
-340 -320 0 0
-320 -320 0 0.0352291
-300 -320 0 0.072786
-280 -320 0 0.110237
-260 -320 0 0.147746
-240 -320 0 0.185569
-220 -320 0 0.224087
-200 -320 0 0.263816
-180 -320 0 0.305424
-160 -320 0 0.275876
-140 -320 0 0.229936
-120 -320 0 0.184131
-100 -320 0 0.137707
-80 -320 0 0.0898149
-60 -320 0 0.0395818
-40 -320 0 0
-20 -320 0 0
0 -320 0 0
20 -320 0 0
40 -320 0 0.0254892
60 -320 0 0.0660485
80 -320 0 0.108751
100 -320 0 0.154335
120 -320 0 0.203288
140 -320 0 0.255837
160 -320 0 0.308513
180 -320 0 0.281946
200 -320 0 0.253873
220 -320 0 0.224209
240 -320 0 0.193009
260 -320 0 0.160419
280 -320 0 0.126642
300 -320 0 0.0919106
320 -320 0 0.0675148
340 -320 0 0.0556542
360 -320 0 0.0626213
380 -320 0 0.0932834
400 -320 0 0.12673
420 -320 0 0.162588
440 -320 0 0.200505
460 -320 0 0.240137
480 -320 0 0.281167
500 -320 0 0.297256
520 -320 0 0.285338
540 -320 0 0.271892
560 -320 0 0.257119
580 -320 0 0.249219
-590 -340 0 0.294572
-570 -340 0 0.319902
-550 -340 0 0.345111
-530 -340 0 0.30779
-510 -340 0 0.267287
-490 -340 0 0.227184
-470 -340 0 0.187469
-450 -340 0 0.148135
-430 -340 0 0.109117
-410 -340 0 0.0703104
-390 -340 0 0.0315515
-370 -340 0 0
-350 -340 0 0.0147417
-330 -340 0 0.0538844
-310 -340 0 0.0931365
-290 -340 0 0.132596
-270 -340 0 0.172413
-250 -340 0 0.212825
-230 -340 0 0.254143
-210 -340 0 0.29679
-190 -340 0 0.341291
-170 -340 0 0.311906
-150 -340 0 0.263176
-130 -340 0 0.214473
-110 -340 0 0.165255
-90 -340 0 0.114902
-70 -340 0 0.0627746
-50 -340 0 0.00826247
-30 -340 0 0
-10 -340 0 0
10 -340 0 0
30 -340 0 0.00160342
50 -340 0 0.0452989
70 -340 0 0.0902343
90 -340 0 0.137054
110 -340 0 0.186241
130 -340 0 0.238093
150 -340 0 0.292722
170 -340 0 0.346396
190 -340 0 0.315943
210 -340 0 0.284538
230 -340 0 0.252114
250 -340 0 0.218699
270 -340 0 0.184396
290 -340 0 0.149343
310 -340 0 0.113718
330 -340 0 0.0795682
350 -340 0 0.0702805
370 -340 0 0.0636648
390 -340 0 0.0906412
410 -340 0 0.125014
430 -340 0 0.161331
450 -340 0 0.199315
470 -340 0 0.238696
490 -340 0 0.279219
510 -340 0 0.320653
530 -340 0 0.334608
550 -340 0 0.319724
570 -340 0 0.303738
590 -340 0 0.286802
-580 -360 0 0.377941
-560 -360 0 0.341998
-540 -360 0 0.300589
-520 -360 0 0.259318
-500 -360 0 0.218195
-480 -360 0 0.177195
-460 -360 0 0.136268
-440 -360 0 0.0953437
-420 -360 0 0.0543019
-400 -360 0 0.0129677
-380 -360 0 0
-360 -360 0 0.032931
-340 -360 0 0.0731824
-320 -360 0 0.113772
-300 -360 0 0.154793
-280 -360 0 0.196389
-260 -360 0 0.238765
-240 -360 0 0.282184
-220 -360 0 0.326987
-200 -360 0 0.373598
-180 -360 0 0.344781
-160 -360 0 0.294088
-140 -360 0 0.243328
-120 -360 0 0.192109
-100 -360 0 0.139978
-80 -360 0 0.0864656
-60 -360 0 0.0311182
-40 -360 0 0
-20 -360 0 0
0 -360 0 0
20 -360 0 0
40 -360 0 0.0199217
60 -360 0 0.066916
80 -360 0 0.115083
100 -360 0 0.16486
120 -360 0 0.216557
140 -360 0 0.270349
160 -360 0 0.326276
180 -360 0 0.380424
200 -360 0 0.346999
220 -360 0 0.313031
240 -360 0 0.278471
260 -360 0 0.243335
280 -360 0 0.207689
300 -360 0 0.171638
320 -360 0 0.135305
340 -360 0 0.098826
360 -360 0 0.0810586
380 -360 0 0.0762893
400 -360 0 0.0838801
420 -360 0 0.119181
440 -360 0 0.156027
460 -360 0 0.194201
480 -360 0 0.233495
500 -360 0 0.273705
520 -360 0 0.314636
540 -360 0 0.356118
560 -360 0 0.368188
580 -360 0 0.350987
-590 -380 0 0.373171
-570 -380 0 0.331246
-550 -380 0 0.289286
-530 -380 0 0.247277
-510 -380 0 0.205205
-490 -380 0 0.163034
-470 -380 0 0.120703
-450 -380 0 0.0781223
-430 -380 0 0.0351687
-410 -380 0 0
-390 -380 0 0.0109924
-370 -380 0 0.0516665
-350 -380 0 0.0927808
-330 -380 0 0.134399
-310 -380 0 0.176619
-290 -380 0 0.219559
-270 -380 0 0.263403
-250 -380 0 0.308369
-230 -380 0 0.354741
-210 -380 0 0.402857
-190 -380 0 0.374862
-170 -380 0 0.32283
-150 -380 0 0.270656
-130 -380 0 0.218051
-110 -380 0 0.16469
-90 -380 0 0.110223
-70 -380 0 0.0543117
-50 -380 0 0
-30 -380 0 0
-10 -380 0 0
10 -380 0 0
30 -380 0 0
50 -380 0 0.0400697
70 -380 0 0.0895154
90 -380 0 0.140016
110 -380 0 0.19186
130 -380 0 0.245244
150 -380 0 0.300262
170 -380 0 0.356907
190 -380 0 0.411146
210 -380 0 0.375455
230 -380 0 0.339534
250 -380 0 0.303339
270 -380 0 0.266881
290 -380 0 0.230204
310 -380 0 0.193385
330 -380 0 0.15651
350 -380 0 0.119682
370 -380 0 0.0887765
390 -380 0 0.0856728
410 -380 0 0.0844041
430 -380 0 0.110115
450 -380 0 0.147508
470 -380 0 0.185941
490 -380 0 0.225248
510 -380 0 0.265272
530 -380 0 0.305854
550 -380 0 0.346855
570 -380 0 0.388138
590 -380 0 0.398533
-580 -400 0 0.317212
-560 -400 0 0.274717
-540 -400 0 0.232017
-520 -400 0 0.189093
-500 -400 0 0.145886
-480 -400 0 0.102331
-460 -400 0 0.0583322
-440 -400 0 0.0137713
-420 -400 0 0
-400 -400 0 0.0294505
-380 -400 0 0.0706567
-360 -400 0 0.112427
-340 -400 0 0.154822
-320 -400 0 0.197928
-300 -400 0 0.241864
-280 -400 0 0.286777
-260 -400 0 0.332857
-240 -400 0 0.380336
-220 -400 0 0.429481
-200 -400 0 0.402455
-180 -400 0 0.349567
-160 -400 0 0.296472
-140 -400 0 0.242968
-120 -400 0 0.188807
-100 -400 0 0.133737
-80 -400 0 0.0775107
-60 -400 0 0.0198952
-40 -400 0 0
-20 -400 0 0
0 -400 0 0
20 -400 0 0
40 -400 0 0.0107494
60 -400 0 0.0613018
80 -400 0 0.112516
100 -400 0 0.164644
120 -400 0 0.217876
140 -400 0 0.272324
160 -400 0 0.328032
180 -400 0 0.384964
200 -400 0 0.43901
220 -400 0 0.401612
240 -400 0 0.364216
260 -400 0 0.32679
280 -400 0 0.289336
300 -400 0 0.251884
320 -400 0 0.214492
340 -400 0 0.177219
360 -400 0 0.140148
380 -400 0 0.103353
400 -400 0 0.0924424
420 -400 0 0.0923871
440 -400 0 0.0985185
460 -400 0 0.136449
480 -400 0 0.175168
500 -400 0 0.214556
520 -400 0 0.254832
540 -400 0 0.294815
560 -400 0 0.335451
580 -400 0 0.376269
-590 -420 0 0.300567
-570 -420 0 0.25757
-550 -420 0 0.214253
-530 -420 0 0.17057
-510 -420 0 0.126462
-490 -420 0 0.0818623
-470 -420 0 0.0366711
-450 -420 0 0
-430 -420 0 0.00710463
-410 -420 0 0.0480937
-390 -420 0 0.0896899
-370 -420 0 0.131933
-350 -420 0 0.174891
-330 -420 0 0.218639
-310 -420 0 0.263278
-290 -420 0 0.308942
-270 -420 0 0.355788
-250 -420 0 0.404007
-230 -420 0 0.453818
-210 -420 0 0.427839
-190 -420 0 0.374458
-170 -420 0 0.320832
-150 -420 0 0.266798
-130 -420 0 0.212184
-110 -420 0 0.156802
-90 -420 0 0.10047
-70 -420 0 0.0430162
-50 -420 0 0
-30 -420 0 0
-10 -420 0 0
10 -420 0 0
30 -420 0 0
50 -420 0 0.0312476
70 -420 0 0.0830798
90 -420 0 0.135513
110 -420 0 0.188718
130 -420 0 0.242809
150 -420 0 0.29785
170 -420 0 0.353844
190 -420 0 0.410747
210 -420 0 0.464395
230 -420 0 0.425728
250 -420 0 0.387239
270 -420 0 0.348903
290 -420 0 0.310716
310 -420 0 0.272704
330 -420 0 0.234903
350 -420 0 0.197362
370 -420 0 0.160139
390 -420 0 0.123287
410 -420 0 0.0970962
430 -420 0 0.0981457
450 -420 0 0.100496
470 -420 0 0.123396
490 -420 0 0.162406
510 -420 0 0.207045
530 -420 0 0.249102
550 -420 0 0.286478
570 -420 0 0.322297
590 -420 0 0.362748
-580 -440 0 0.239845
-560 -440 0 0.198376
-540 -440 0 0.153549
-520 -440 0 0.105354
-500 -440 0 0.0598688
-480 -440 0 0.013688
-460 -440 0 0
-440 -440 0 0.0255527
-420 -440 0 0.0667424
-400 -440 0 0.108601
-380 -440 0 0.151167
-360 -440 0 0.194507
-340 -440 0 0.238687
-320 -440 0 0.283798
-300 -440 0 0.329957
-280 -440 0 0.377292
-260 -440 0 0.425962
-240 -440 0 0.476149
-220 -440 0 0.451244
-200 -440 0 0.397668
-180 -440 0 0.343799
-160 -440 0 0.289532
-140 -440 0 0.234736
-120 -440 0 0.179275
-100 -440 0 0.123017
-80 -440 0 0.0658368
-60 -440 0 0.00763329
-40 -440 0 0
-20 -440 0 0
0 -440 0 0
20 -440 0 0
40 -440 0 0.00427364
60 -440 0 0.0585528
80 -440 0 0.10703
100 -440 0 0.15823
120 -440 0 0.212078
140 -440 0 0.266626
160 -440 0 0.321899
180 -440 0 0.377877
200 -440 0 0.434508
220 -440 0 0.487611
240 -440 0 0.448025
260 -440 0 0.408749
280 -440 0 0.369761
300 -440 0 0.33106
320 -440 0 0.292659
340 -440 0 0.254591
360 -440 0 0.216888
380 -440 0 0.179596
400 -440 0 0.142747
420 -440 0 0.106394
440 -440 0 0.102085
460 -440 0 0.105246
480 -440 0 0.115748
500 -440 0 0.163896
520 -440 0 0.20783
540 -440 0 0.247211
560 -440 0 0.282371
580 -440 0 0.313622
-590 -460 0 0.227404
-570 -460 0 0.189643
-550 -460 0 0.148989
-530 -460 0 0.105408
-510 -460 0 0.0589257
-490 -460 0 0.0197731
-470 -460 0 0.01536
-450 -460 0 0.0491239
-430 -460 0 0.0862058
-410 -460 0 0.127268
-390 -460 0 0.170032
-370 -460 0 0.2136
-350 -460 0 0.258044
-330 -460 0 0.303437
-310 -460 0 0.349877
-290 -460 0 0.397486
-270 -460 0 0.446384
-250 -460 0 0.496719
-230 -460 0 0.472887
-210 -460 0 0.419328
-190 -460 0 0.365453
-170 -460 0 0.311179
-150 -460 0 0.256416
-130 -460 0 0.201066
-110 -460 0 0.145031
-90 -460 0 0.0886377
-70 -460 0 0.0323821
-50 -460 0 0.00490277
-30 -460 0 0.0109722
-10 -460 0 0.0212688
10 -460 0 0.0257028
30 -460 0 0.0257461
50 -460 0 0.0426494
70 -460 0 0.0868597
90 -460 0 0.126822
110 -460 0 0.180473
130 -460 0 0.23463
150 -460 0 0.289323
170 -460 0 0.344553
190 -460 0 0.400292
210 -460 0 0.456472
230 -460 0 0.508919
250 -460 0 0.468692
270 -460 0 0.428876
290 -460 0 0.389449
310 -460 0 0.350409
330 -460 0 0.31177
350 -460 0 0.273549
370 -460 0 0.235777
390 -460 0 0.198479
410 -460 0 0.161692
430 -460 0 0.125443
450 -460 0 0.109168
470 -460 0 0.126443
490 -460 0 0.143348
510 -460 0 0.170958
530 -460 0 0.211816
550 -460 0 0.248585
570 -460 0 0.281541
590 -460 0 0.31095
-580 -480 0 0.185572
-560 -480 0 0.148827
-540 -480 0 0.109595
-520 -480 0 0.0678932
-500 -480 0 0.0542969
-480 -480 0 0.0614161
-460 -480 0 0.0897879
-440 -480 0 0.120918
-420 -480 0 0.154568
-400 -480 0 0.19042
-380 -480 0 0.232133
-360 -480 0 0.276698
-340 -480 0 0.322217
-320 -480 0 0.368777
-300 -480 0 0.416475
-280 -480 0 0.465416
-260 -480 0 0.515728
-240 -480 0 0.49295
-220 -480 0 0.439581
-200 -480 0 0.385875
-180 -480 0 0.331776
-160 -480 0 0.277213
-140 -480 0 0.222122
-120 -480 0 0.166434
-100 -480 0 0.111356
-80 -480 0 0.063534
-60 -480 0 0.0209149
-40 -480 0 0.0335502
-20 -480 0 0.0494527
0 -480 0 0.0607231
20 -480 0 0.0540708
40 -480 0 0.0445906
60 -480 0 0.073158
80 -480 0 0.108818
100 -480 0 0.148312
120 -480 0 0.202123
140 -480 0 0.256324
160 -480 0 0.310922
180 -480 0 0.365903
200 -480 0 0.421226
220 -480 0 0.47683
240 -480 0 0.528546
260 -480 0 0.487899
280 -480 0 0.447741
300 -480 0 0.408044
320 -480 0 0.36881
340 -480 0 0.330053
360 -480 0 0.291777
380 -480 0 0.254013
400 -480 0 0.216776
420 -480 0 0.183119
440 -480 0 0.158669
460 -480 0 0.139836
480 -480 0 0.153628
500 -480 0 0.169375
520 -480 0 0.18479
540 -480 0 0.218491
560 -480 0 0.252728
580 -480 0 0.283516
-590 -500 0 0.185425
-570 -500 0 0.152352
-550 -500 0 0.117149
-530 -500 0 0.0910737
-510 -500 0 0.0793636
-490 -500 0 0.100235
-470 -500 0 0.123725
-450 -500 0 0.149502
-430 -500 0 0.177344
-410 -500 0 0.206952
-390 -500 0 0.250082
-370 -500 0 0.294649
-350 -500 0 0.340167
-330 -500 0 0.386711
-310 -500 0 0.434361
-290 -500 0 0.483209
-270 -500 0 0.533346
-250 -500 0 0.511587
-230 -500 0 0.458547
-210 -500 0 0.405148
-190 -500 0 0.35136
-170 -500 0 0.297129
-150 -500 0 0.242416
-130 -500 0 0.187174
-110 -500 0 0.131356
-90 -500 0 0.0882152
-70 -500 0 0.0479419
-50 -500 0 0.0484879
-30 -500 0 0.069461
-10 -500 0 0.0938138
10 -500 0 0.0878296
30 -500 0 0.0730549
50 -500 0 0.0651579
70 -500 0 0.0972743
90 -500 0 0.125695
110 -500 0 0.169349
130 -500 0 0.223099
150 -500 0 0.27714
170 -500 0 0.33146
190 -500 0 0.386035
210 -500 0 0.440818
230 -500 0 0.495749
250 -500 0 0.546679
270 -500 0 0.505797
290 -500 0 0.465448
310 -500 0 0.425624
330 -500 0 0.386316
350 -500 0 0.347537
370 -500 0 0.309293
390 -500 0 0.272689
410 -500 0 0.241298
430 -500 0 0.215268
450 -500 0 0.194429
470 -500 0 0.17856
490 -500 0 0.179253
510 -500 0 0.193952
530 -500 0 0.208358
550 -500 0 0.227403
570 -500 0 0.259199
590 -500 0 0.287884
-580 -520 0 0.158938
-560 -520 0 0.127478
-540 -520 0 0.122281
-520 -520 0 0.115882
-500 -520 0 0.132883
-480 -520 0 0.15195
-460 -520 0 0.172917
-440 -520 0 0.195568
-420 -520 0 0.223846
-400 -520 0 0.267432
-380 -520 0 0.311907
-360 -520 0 0.357325
-340 -520 0 0.403744
-320 -520 0 0.451227
-300 -520 0 0.499865
-280 -520 0 0.549724
-260 -520 0 0.528945
-240 -520 0 0.476329
-220 -520 0 0.423348
-200 -520 0 0.369977
-180 -520 0 0.316184
-160 -520 0 0.261941
-140 -520 0 0.20722
-120 -520 0 0.151993
-100 -520 0 0.107571
-80 -520 0 0.0735709
-60 -520 0 0.0571462
-40 -520 0 0.0826554
-20 -520 0 0.110855
0 -520 0 0.125865
20 -520 0 0.106193
40 -520 0 0.0844983
60 -520 0 0.0906455
80 -520 0 0.116215
100 -520 0 0.138486
120 -520 0 0.189837
140 -520 0 0.24336
160 -520 0 0.297081
180 -520 0 0.350983
200 -520 0 0.405033
220 -520 0 0.45918
240 -520 0 0.513367
260 -520 0 0.563484
280 -520 0 0.522506
300 -520 0 0.4821
320 -520 0 0.442257
340 -520 0 0.402974
360 -520 0 0.364254
380 -520 0 0.32611
400 -520 0 0.291352
420 -520 0 0.264543
440 -520 0 0.24246
460 -520 0 0.224957
480 -520 0 0.21186
500 -520 0 0.203439
520 -520 0 0.217184
540 -520 0 0.230678
560 -520 0 0.243898
580 -520 0 0.267637
-590 -540 0 0.168066
-570 -540 0 0.152352
-550 -540 0 0.138776
-530 -540 0 0.14691
-510 -540 0 0.160251
-490 -540 0 0.175318
-470 -540 0 0.191953
-450 -540 0 0.209961
-430 -540 0 0.240763
-410 -540 0 0.284194
-390 -540 0 0.328493
-370 -540 0 0.373718
-350 -540 0 0.419921
-330 -540 0 0.467158
-310 -540 0 0.51549
-290 -540 0 0.564986
-270 -540 0 0.545151
-250 -540 0 0.493036
-230 -540 0 0.440549
-210 -540 0 0.387679
-190 -540 0 0.334401
-170 -540 0 0.280704
-150 -540 0 0.226566
-130 -540 0 0.171975
-110 -540 0 0.122533
-90 -540 0 0.0940692
-70 -540 0 0.0661036
-50 -540 0 0.0901921
-30 -540 0 0.121882
-10 -540 0 0.156303
10 -540 0 0.143058
30 -540 0 0.117459
50 -540 0 0.0898892
70 -540 0 0.110979
90 -540 0 0.130947
110 -540 0 0.156704
130 -540 0 0.209723
150 -540 0 0.262882
170 -540 0 0.316163
190 -540 0 0.369542
210 -540 0 0.422976
230 -540 0 0.476422
250 -540 0 0.52982
270 -540 0 0.579097
290 -540 0 0.538139
310 -540 0 0.497781
330 -540 0 0.458009
350 -540 0 0.41883
370 -540 0 0.380245
390 -540 0 0.342253
410 -540 0 0.306529
430 -540 0 0.28388
450 -540 0 0.265404
470 -540 0 0.250976
490 -540 0 0.240468
510 -540 0 0.233699
530 -540 0 0.239177
550 -540 0 0.251828
570 -540 0 0.264248
590 -540 0 0.277726
-580 -560 0 0.181593
-560 -560 0 0.164622
-540 -560 0 0.173078
-520 -560 0 0.183088
-500 -560 0 0.194536
-480 -560 0 0.207277
-460 -560 0 0.221119
-440 -560 0 0.257152
-420 -560 0 0.30036
-400 -560 0 0.344424
-380 -560 0 0.389392
-360 -560 0 0.435312
-340 -560 0 0.482224
-320 -560 0 0.530183
-300 -560 0 0.579248
-280 -560 0 0.560298
-260 -560 0 0.508751
-240 -560 0 0.456823
-220 -560 0 0.404516
-200 -560 0 0.351816
-180 -560 0 0.298717
-160 -560 0 0.245211
-140 -560 0 0.191291
-120 -560 0 0.136961
-100 -560 0 0.110289
-80 -560 0 0.0870456
-60 -560 0 0.0930335
-40 -560 0 0.127858
-20 -560 0 0.164907
0 -560 0 0.182836
20 -560 0 0.153635
40 -560 0 0.122967
60 -560 0 0.109513
80 -560 0 0.127079
100 -560 0 0.142246
120 -560 0 0.17636
140 -560 0 0.228972
160 -560 0 0.281666
180 -560 0 0.334411
200 -560 0 0.387182
220 -560 0 0.439938
240 -560 0 0.492634
260 -560 0 0.545212
280 -560 0 0.59364
300 -560 0 0.552798
320 -560 0 0.512569
340 -560 0 0.472948
360 -560 0 0.433932
380 -560 0 0.395533
400 -560 0 0.357744
420 -560 0 0.320577
440 -560 0 0.299887
460 -560 0 0.284702
480 -560 0 0.273111
500 -560 0 0.265003
520 -560 0 0.260237
540 -560 0 0.260023
560 -560 0 0.271906
580 -560 0 0.283591
-590 -580 0 0.191429
-570 -580 0 0.189395
-550 -580 0 0.195063
-530 -580 0 0.20204
-510 -580 0 0.210214
-490 -580 0 0.21944
-470 -580 0 0.230878
-450 -580 0 0.273008
-430 -580 0 0.315943
-410 -580 0 0.359725
-390 -580 0 0.404381
-370 -580 0 0.449953
-350 -580 0 0.496487
-330 -580 0 0.544014
-310 -580 0 0.592602
-290 -580 0 0.574496
-270 -580 0 0.523553
-250 -580 0 0.472232
-230 -580 0 0.420536
-210 -580 0 0.36846
-190 -580 0 0.316
-170 -580 0 0.263163
-150 -580 0 0.209941
-130 -580 0 0.156351
-110 -580 0 0.122926
-90 -580 0 0.103883
-70 -580 0 0.0919887
-50 -580 0 0.129606
-30 -580 0 0.16904
-10 -580 0 0.210701
10 -580 0 0.192353
30 -580 0 0.158799
50 -580 0 0.123812
70 -580 0 0.126505
90 -580 0 0.139696
110 -580 0 0.150736
130 -580 0 0.19545
150 -580 0 0.247568
170 -580 0 0.299712
190 -580 0 0.351855
210 -580 0 0.403962
230 -580 0 0.455993
250 -580 0 0.507903
270 -580 0 0.55964
290 -580 0 0.607218
310 -580 0 0.566567
330 -580 0 0.526532
350 -580 0 0.487123
370 -580 0 0.448332
390 -580 0 0.410162
410 -580 0 0.372616
430 -580 0 0.335693
450 -580 0 0.313035
470 -580 0 0.300853
490 -580 0 0.291876
510 -580 0 0.286001
530 -580 0 0.283111
550 -580 0 0.283082
570 -580 0 0.290987
590 -580 0 0.301993
-580 -600 0 0.210303
-560 -600 0 0.213427
-540 -600 0 0.217644
-520 -600 0 0.222852
-500 -600 0 0.228913
-480 -600 0 0.246507
-460 -600 0 0.288341
-440 -600 0 0.330968
-420 -600 0 0.374416
-400 -600 0 0.418721
-380 -600 0 0.463906
-360 -600 0 0.510008
-340 -600 0 0.557073
-320 -600 0 0.605132
-300 -600 0 0.587822
-280 -600 0 0.537517
-260 -600 0 0.486839
-240 -600 0 0.435788
-220 -600 0 0.384367
-200 -600 0 0.33258
-180 -600 0 0.280433
-160 -600 0 0.227935
-140 -600 0 0.175095
-120 -600 0 0.132569
-100 -600 0 0.117265
-80 -600 0 0.102469
-60 -600 0 0.127822
-40 -600 0 0.169406
-20 -600 0 0.212836
0 -600 0 0.23303
20 -600 0 0.196822
40 -600 0 0.159536
60 -600 0 0.128847
80 -600 0 0.140021
100 -600 0 0.149434
120 -600 0 0.1624
140 -600 0 0.21395
160 -600 0 0.265506
180 -600 0 0.31704
200 -600 0 0.368526
220 -600 0 0.419927
240 -600 0 0.471201
260 -600 0 0.522306
280 -600 0 0.573196
300 -600 0 0.619927
320 -600 0 0.579518
340 -600 0 0.539744
360 -600 0 0.500591
380 -600 0 0.462064
400 -600 0 0.424161
420 -600 0 0.38689
440 -600 0 0.350246
460 -600 0 0.323729
480 -600 0 0.314297
500 -600 0 0.307721
520 -600 0 0.303912
540 -600 0 0.30278
560 -600 0 0.304216
580 -600 0 0.309137
-590 -620 0 0.227865
-570 -620 0 0.228652
-550 -620 0 0.230353
-530 -620 0 0.232879
-510 -620 0 0.236093
-490 -620 0 0.261652
-470 -620 0 0.303165
-450 -620 0 0.345446
-430 -620 0 0.388528
-410 -620 0 0.432438
-390 -620 0 0.477204
-370 -620 0 0.522848
-350 -620 0 0.569404
-330 -620 0 0.616908
-310 -620 0 0.600363
-290 -620 0 0.55072
-270 -620 0 0.500698
-250 -620 0 0.450318
-230 -620 0 0.399576
-210 -620 0 0.348483
-190 -620 0 0.297049
-170 -620 0 0.245284
-150 -620 0 0.193201
-130 -620 0 0.140824
-110 -620 0 0.127719
-90 -620 0 0.116136
-70 -620 0 0.123103
-50 -620 0 0.166594
-30 -620 0 0.21163
-10 -620 0 0.258491
10 -620 0 0.236549
30 -620 0 0.197131
50 -620 0 0.156664
70 -620 0 0.142915
90 -620 0 0.150646
110 -620 0 0.156786
130 -620 0 0.180876
150 -620 0 0.231846
170 -620 0 0.282792
190 -620 0 0.333673
210 -620 0 0.384463
230 -620 0 0.435127
250 -620 0 0.485626
270 -620 0 0.535913
290 -620 0 0.58595
310 -620 0 0.631842
330 -620 0 0.591736
350 -620 0 0.552255
370 -620 0 0.513403
390 -620 0 0.475174
410 -620 0 0.437572
430 -620 0 0.400599
450 -620 0 0.364249
470 -620 0 0.332324
490 -620 0 0.325408
510 -620 0 0.321028
530 -620 0 0.319133
550 -620 0 0.319645
570 -620 0 0.322455
590 -620 0 0.327476
-580 -640 0 0.241157
-560 -640 0 0.240577
-540 -640 0 0.240668
-520 -640 0 0.241309
-500 -640 0 0.276322
-480 -640 0 0.317483
-460 -640 0 0.359397
-440 -640 0 0.40209
-420 -640 0 0.445579
-400 -640 0 0.489885
-380 -640 0 0.535044
-360 -640 0 0.581079
-340 -640 0 0.628009
-320 -640 0 0.61217
-300 -640 0 0.563204
-280 -640 0 0.513866
-260 -640 0 0.464171
-240 -640 0 0.41412
-220 -640 0 0.363735
-200 -640 0 0.313024
-180 -640 0 0.262002
-160 -640 0 0.210681
-140 -640 0 0.159088
-120 -640 0 0.135696
-100 -640 0 0.126994
-80 -640 0 0.118888
-60 -640 0 0.161122
-40 -640 0 0.207596
-20 -640 0 0.255616
0 -640 0 0.277556
20 -640 0 0.236182
40 -640 0 0.194021
60 -640 0 0.150859
80 -640 0 0.154118
100 -640 0 0.158855
120 -640 0 0.162165
140 -640 0 0.198792
160 -640 0 0.249144
180 -640 0 0.299434
200 -640 0 0.349629
220 -640 0 0.399701
240 -640 0 0.449612
260 -640 0 0.499317
280 -640 0 0.548783
300 -640 0 0.597971
320 -640 0 0.643038
340 -640 0 0.603266
360 -640 0 0.564118
380 -640 0 0.525596
400 -640 0 0.487692
420 -640 0 0.450412
440 -640 0 0.413759
460 -640 0 0.377732
480 -640 0 0.342332
500 -640 0 0.334481
520 -640 0 0.332133
540 -640 0 0.332009
560 -640 0 0.334035
580 -640 0 0.33814
-590 -660 0 0.251299
-570 -660 0 0.248642
-550 -660 0 0.246527
-530 -660 0 0.250448
-510 -660 0 0.290525
-490 -660 0 0.331318
-470 -660 0 0.372845
-450 -660 0 0.415114
-430 -660 0 0.458163
-410 -660 0 0.502
-390 -660 0 0.546653
-370 -660 0 0.592133
-350 -660 0 0.638479
-330 -660 0 0.623313
-310 -660 0 0.575028
-290 -660 0 0.526383
-270 -660 0 0.477385
-250 -660 0 0.428041
-230 -660 0 0.378371
-210 -660 0 0.32839
-190 -660 0 0.278111
-170 -660 0 0.227552
-150 -660 0 0.176738
-130 -660 0 0.141576
-110 -660 0 0.13545
-90 -660 0 0.129819
-70 -660 0 0.153428
-50 -660 0 0.201179
-30 -660 0 0.250241
-10 -660 0 0.300812
10 -660 0 0.27634
30 -660 0 0.232611
50 -660 0 0.18811
70 -660 0 0.159613
90 -660 0 0.162918
110 -660 0 0.16505
130 -660 0 0.166375
150 -660 0 0.216142
170 -660 0 0.265846
190 -660 0 0.316475
210 -660 0 0.364944
230 -660 0 0.414275
250 -660 0 0.463414
270 -660 0 0.512329
290 -660 0 0.560976
310 -660 0 0.609324
330 -660 0 0.653581
350 -660 0 0.614173
370 -660 0 0.575384
390 -660 0 0.537214
410 -660 0 0.499658
430 -660 0 0.462728
450 -660 0 0.426408
470 -660 0 0.39071
490 -660 0 0.355636
510 -660 0 0.341788
530 -660 0 0.34131
550 -660 0 0.342813
570 -660 0 0.346263
590 -660 0 0.351575
-580 -680 0 0.254837
-560 -680 0 0.250725
-540 -680 0 0.264567
-520 -680 0 0.304275
-500 -680 0 0.344682
-480 -680 0 0.385798
-460 -680 0 0.427638
-440 -680 0 0.470229
-420 -680 0 0.513576
-400 -680 0 0.557707
-380 -680 0 0.602632
-360 -680 0 0.648375
-340 -680 0 0.633846
-320 -680 0 0.586252
-300 -680 0 0.538298
-280 -680 0 0.490002
-260 -680 0 0.441365
-240 -680 0 0.392417
-220 -680 0 0.343166
-200 -680 0 0.29363
-180 -680 0 0.24383
-160 -680 0 0.193788
-140 -680 0 0.145675
-120 -680 0 0.14186
-100 -680 0 0.13855
-80 -680 0 0.146757
-60 -680 0 0.196365
-40 -680 0 0.244472
-20 -680 0 0.294029
0 -680 0 0.317294
20 -680 0 0.272134
40 -680 0 0.226391
60 -680 0 0.179915
80 -680 0 0.168774
100 -680 0 0.169693
120 -680 0 0.170198
140 -680 0 0.190645
160 -680 0 0.242193
180 -680 0 0.289738
200 -680 0 0.332983
220 -680 0 0.379635
240 -680 0 0.428221
260 -680 0 0.476589
280 -680 0 0.524709
300 -680 0 0.572544
320 -680 0 0.620056
340 -680 0 0.663518
360 -680 0 0.624502
380 -680 0 0.586094
400 -680 0 0.548297
420 -680 0 0.511106
440 -680 0 0.474529
460 -680 0 0.438564
480 -680 0 0.403213
500 -680 0 0.368466
520 -680 0 0.347581
540 -680 0 0.348803
560 -680 0 0.351816
580 -680 0 0.356886
