0.849349 0.811921
0.848039 0.825511
0.845776 0.846496
0.842148 0.871157
0.836237 0.891933
0.826655 0.902787
0.812532 0.902601
0.794545 0.895543
0.774774 0.888036
0.755273 0.884475
0.736751 0.885498
0.718537 0.889513
0.699269 0.894838
0.677354 0.900501
0.65139 0.905976
0.620821 0.910771
0.586441 0.914383
0.550462 0.916523
0.516062 0.917212
0.486069 0.916523
0.461348 0.914383
0.440647 0.910771
0.422225 0.905974
0.405248 0.900475
0.389666 0.894627
0.375353 0.888431
0.361693 0.881544
0.347988 0.873544
0.334132 0.864362
0.320697 0.854491
0.308412 0.844691
0.29775 0.835529
0.288844 0.827243
0.281449 0.81986
0.275024 0.813239
0.26903 0.807101
0.263159 0.801169
0.25731 0.795237
0.251462 0.789111
0.245614 0.782563
0.239766 0.775468
0.233918 0.767932
0.22807 0.760138
0.222222 0.752076
0.216374 0.743574
0.210526 0.734532
0.204678 0.72505
0.19883 0.7153
0.192982 0.70528
0.187134 0.694747
0.181287 0.68339
0.175439 0.67092
0.169591 0.657047
0.163744 0.641559
0.157907 0.62426
0.152132 0.604615
0.146573 0.581648
0.141499 0.554629
0.137198 0.523976
0.133883 0.491526
0.131795 0.459975
0.131311 0.431653
0.132762 0.40722
0.136097 0.385695
0.140821 0.365958
0.146297 0.34783
0.152072 0.331642
0.157992 0.317381
0.164189 0.304491
0.171014 0.292207
0.178798 0.279953
0.187495 0.267568
0.196606 0.255318
0.205493 0.243722
0.213728 0.233315
0.221244 0.224336
0.228418 0.216398
0.235935 0.208595
0.244215 0.200252
0.252945 0.191585
0.261429 0.183388
0.269419 0.176161
0.277283 0.169759
0.285448 0.163767
0.294028 0.157896
0.303016 0.152047
0.31254 0.146199
0.322785 0.140351
0.333803 0.134503
0.345573 0.128655
0.358271 0.122807
0.372361 0.116959
0.388486 0.111112
0.407449 0.105276
0.430149 0.0995111
0.456995 0.0940132
0.48706 0.0891435
0.518139 0.0852441
0.548285 0.0823417
0.577291 0.0802012
0.606182 0.0788025
0.635446 0.078595
0.664426 0.0801182
0.692004 0.0834639
0.717162 0.0881889
0.739371 0.0936647
0.758882 0.0994277
0.776426 0.105264
0.792612 0.111115
0.807719 0.117023
0.821769 0.123303
0.834555 0.131041
0.845613 0.142503
0.854323 0.160525
0.860244 0.186714
0.86353 0.220172
0.864942 0.258249
0.865388 0.298354
0.865498 0.338786
0.865617 0.378105
0.866139 0.414187
0.867871 0.444399
0.872124 0.467071
0.88023 0.482672
0.892639 0.493187
0.908071 0.500578
0.923505 0.506158
0.935623 0.51091
0.942808 0.515646
0.945438 0.520731
0.943922 0.525942
0.936781 0.530667
0.921235 0.534279
0.895873 0.536503
0.862294 0.537554
0.823925 0.537914
0.783878 0.537987
0.744445 0.537914
0.708111 0.537554
0.678051 0.536503
0.656889 0.534279
0.644919 0.530668
0.640185 0.525954
0.640729 0.520816
0.646386 0.516019
0.657746 0.512045
0.673558 0.508747
0.690284 0.505317
0.704593 0.500713
0.715413 0.494189
0.723399 0.485497
0.729445 0.474561
0.734073 0.460538
0.737546 0.441362
0.740006 0.415103
0.741541 0.381915
0.742292 0.344045
0.742435 0.304179
0.741931 0.264528
0.740394 0.227431
0.737312 0.195837
0.732329 0.172221
0.725156 0.156772
0.715361 0.147173
0.702385 0.140403
0.685586 0.134483
0.664208 0.128744
0.63791 0.123277
0.607885 0.118564
0.57719 0.115302
0.549238 0.114128
0.525734 0.115302
0.506301 0.118564
0.489829 0.123277
0.47552 0.128753
0.462883 0.134516
0.451546 0.140352
0.44128 0.146199
0.431949 0.152047
0.423374 0.157895
0.415301 0.163743
0.407506 0.169591
0.399969 0.17544
0.392863 0.18131
0.386242 0.187304
0.379828 0.193729
0.373146 0.201124
0.365836 0.21003
0.357899 0.220693
0.349703 0.232977
0.341767 0.2464
0.334468 0.260183
0.327858 0.2736
0.321722 0.28649
0.315801 0.29931
0.309942 0.31271
0.304094 0.327251
0.298247 0.343566
0.292411 0.362533
0.286647 0.385112
0.28116 0.411973
0.276363 0.443204
0.272751 0.478139
0.270611 0.515298
0.269922 0.552466
0.270611 0.587145
0.272751 0.6174
0.276363 0.642593
0.28116 0.663359
0.286647 0.680936
0.292411 0.696427
0.298247 0.710392
0.304094 0.722934
0.309941 0.734147
0.315789 0.744383
0.321637 0.754
0.327485 0.76307
0.333333 0.771556
0.339181 0.779556
0.345029 0.787153
0.350878 0.794258
0.35675 0.800808
0.362767 0.806945
0.369336 0.812949
0.377274 0.819157
0.387499 0.825973
0.400318 0.833684
0.415084 0.842105
0.43084 0.850525
0.447358 0.858224
0.46556 0.864955
0.487074 0.87079
0.513272 0.875659
0.544109 0.87921
0.577439 0.881074
0.609606 0.881074
0.637253 0.87921
0.659002 0.875672
0.675649 0.870886
0.688935 0.8654
0.700206 0.859636
0.710064 0.8538
0.71884 0.847953
0.726913 0.842105
0.734521 0.836257
0.741628 0.830407
0.748189 0.824536
0.754398 0.818519
0.760667 0.81195
0.767493 0.804013
0.775205 0.7938
0.783626 0.781066
0.792046 0.766662
0.799757 0.751981
0.806572 0.737881
0.812769 0.724216
0.8187 0.710465
0.82456 0.696839
0.830407 0.684731
0.836232 0.676125
0.841923 0.672875
0.847122 0.676729
0.851158 0.689257
0.853341 0.710618
0.853539 0.738075
0.852446 0.766011
0.85112 0.788181
0.850165 0.802063
0.849349 0.811921
