1936845.6073626261
1201040.8093053328
940736.4258473332
774264.144032022
652073.6711303988
556880.1342152602
480239.39704952785
417251.9160837082
364743.7902085027
320500.9447978885
282900.0573939425
250710.22213334322
222976.09846250346
198943.67495206994
178010.24060330144
159689.1343809612
143584.07247694297
129369.9859858932
116778.45131119757
105586.45456692975
95607.63034536155
86685.36876046579
78687.35238625805
71501.19945445898
65030.970422924685
59194.35318998266
53920.38494483639
49147.60052021452
44822.52121762739
40898.416502768174
37334.28518302425
34094.01372545285
31145.6780108069
28460.96160722321
26014.66900477917
23784.31649606844
21749.78676023698
19893.03589490997
18197.84378662746
16649.600428465164
15235.12217173553
13942.493006480012
12760.926857687311
11680.647604177231
10692.784109289885
9789.278024270574
8962.802508331488
8206.69032118156
7514.869998229944
6881.809026795745
6302.463112390336
5772.230764615997
5286.912548173299
4842.674440494078
4436.01481732558
4063.7346541695306
3722.9105872406053
3410.870524498158
3125.1715369026215
2863.579793630227
2624.0523335862267
2404.7204900332054
2203.8748061845613
2019.951297769942
1851.5189343183902
1697.268224606299
1556.0008036942604
1426.619929486221
1308.1218060008644
1199.5876587269936
1100.1764946905637
1009.1184863154464
925.708923917887
849.3026868254151
779.3091877287212
715.1877490254171
656.4433736511052
602.6228762644021
553.3113436983398
508.12889634716004
466.72772465494916
428.7893771384174
394.0222784340376
362.1594577302533
332.95646964732435
306.1894911769127
281.6535797052429
259.1610784306428
238.54015666006376
219.63347354034886
202.29695475777345
186.39867263240706
171.81782084948657
158.443775815325
146.1752373065769
134.91944170432913
124.59144167399243
115.1134466726301
106.4142191416257
98.42852167828062
91.09661087849133
84.36377390724523
78.17990418747931
72.49911290308006
67.2793732912375
62.48219495515865
58.072325662195794
54.01747830663564
50.28808091255073
46.85704773159523
43.69956965493072
40.792922308900934
38.11629034177441
35.65060653490562
33.37840448711367
31.283683726662666
29.351786202018843
27.569283191059895
25.92387174949468
24.40427989351897
23.000179779597396
21.70210820657767
20.50139382223172
19.390090468510664
18.360916147532823
17.40719713404308
16.522816800128595
15.702168754592991
14.940113932958395
14.231941304805623
13.573331893263825
12.960325827221734
12.389292170425731
11.856901293215614
11.360099572392915
10.896086222864568
10.462292081220566
10.056360176626868
9.676127938266742
9.319610901314212
8.984987785061655
8.670586827463893
8.37487327016651
8.096437896994313
7.833986537066247
7.586330451207637
7.352377527189529
7.1311242155983985
6.92164814390503
6.7231013515550355
6.5347040937551295
6.355739165988686
6.185546705408529
6.023519428900332
5.869098271031193
5.721768388177673
5.581055498006068
5.446522526027874
5.317766533393555
5.194415902210881
5.076127756728625
4.96258560050658
4.853497151399044
4.748592357699684
4.647621580193165
4.550353926165773
4.4565757225858285
4.366089116733136
4.278710793593584
4.194270800152655
4.1126114676540135
4.033586423542813
3.9570596855950946
3.8829048313018957
3.8110042362111622
3.7412483754182126
3.673535182923522
3.6077694639857727
3.543862356041025
3.4817308341033653
3.4212972569327524
3.3624889505410254
3.305237825919353
3.2494800281279623
3.1951556141027293
3.1422082568095084
3.090584973517118
3.0402358761927823
2.991113942165661
2.9431748033687732
2.8963765526196807
2.850679565504329
2.8060463365885484
2.7624413287447425
2.7198308345189837
2.678182848534117
2.6374669500160306
2.5976541946026606
2.5587170146695155
2.5206291274729047
2.4833654504571587
2.4469020231448444
2.411215935062045
2.3762852592096637
2.342088990617708
2.308606989576143
2.275819929153651
2.243709246659107
2.2122570987200847
2.1814463196932166
2.1512603831269805
2.1216833660394725
2.0926999157749995
2.0642952192455266
2.0364549743516362
2.0091653634196462
1.9824130284898382
1.9561850483092904
1.9304689168977536
1.9052525235601463
1.8805241342327839
1.8562723740585905
1.832486211099805
1.8091549410969114
1.7862681731909107
1.7638158165461666
1.7417880677901176
1.7201753992217284
1.6989685477228433
1.6781585043227754
1.65773650437029
1.637694018263218
1.618022742699418
1.5987145924084105
1.5797616923333884
1.5611563702264952
1.5428911496317366
1.5249587432277663
1.507352046505527
1.490064131758115
1.4730882423613538
1.4564177873268336
1.4400463361079228
1.4239676136429846
1.4081754956231654
1.392664003963339
1.3774273024717412
1.3624596927034462
1.3477556099822758
1.3333096195854894
1.3191164130837598
1.3051708048177724
1.291467728517737
1.2780022340450947
1.2647694842549633
1.2517647519765371
1.238983417096019
1.2264209637466237
1.214072977591958
1.2019351432039898
1.190003241527642
1.178273147427635
1.1667408273181072
1.1554023368610666
1.1442538187473428
1.133291500536619
1.1225116925679908
1.1119107859331976
1.1014852505105142
1.0912316330553862
1.0811465553469413
1.071226712387861
1.061468870655489
1.0518698664025432
1.0424266040038495
1.0331360543503418
1.0239952532851775
1.0150013000831253
1.0061513559712643
0.997442642688197
0.9888724410808386
0.9804380897397903
0.9721369836678437
0.9639665729846313
0.9559243616654021
0.9480079063077682
0.9402148149350802
0.9325427458265108
0.9249894063755186
0.9175525519823491
0.9102299849669346
0.9030195535138571
0.8959191506398174
0.888926713189705
0.8820402208537661
0.8752576952112447
0.8685771987953987
0.8619968341820577
0.8555147430992633
0.8491291055593622
0.842838139011145
0.8366400975110321
0.8305332709161147
0.824515984094428
0.8185865961555435
0.8127434996965166
0.8069851200695075
0.8013099146621663
0.7957163721981844
0.7902030120531167
0.7847683835842846
0.7794110654804765
0.7741296651213618
0.7689228179557906
0.7637891868932514
0.7587274617082485
0.7537363584596921
0.748814618923559
0.743961010037441
0.7391743233587575
0.7344533745349282
0.7297970027864111
0.7252040704002302
0.7206734622353517
0.7162040852408245
0.7117948679819351
0.7074447601802168
0.7031527322615474
0.6989177749155104
0.6947388986643344
0.690615133442132
0.6865455281820618
0.6825291504152626
0.6785650858761366
0.6746524381181822
0.6707903281384666
0.666977894008273
0.6632142905158178
0.6594986888133905
0.6558302760737481
0.6522082551546654
0.6486318442706474
0.6451002766709322
0.6416128003255747
0.6381686776194673
0.6347671850495908
0.6314076129343009
0.6280892651234291
0.6248114587192541
0.6215735238004517
0.6183748031548784
0.6152146520154054
0.6120924378038801
0.6090075398795227
0.6059593492927748
0.6029472685451607
0.5999707113542386
0.5970291024232692
0.5941218772161854
0.5912484817376829
0.5884083723172221
0.5856010153996771
0.5828258873378738
0.5800824741917269
0.5773702715307121
0.5746887842410472
0.5720375263369261
0.5694160207758941
0.5668237992774281
0.5642604021476507
0.561725378103685
0.5592182841077509
0.5567386851987707
0.5542861543311406
0.5518602722170906
0.5494606271695136
0.5470868149514764
0.5447384386277513
0.5424151084181038
0.5401164415558493
0.5378420621485245
0.5355916010404954
0.5333646956813267
0.531160989992978
0.5289801342437149
0.5268217849220508
0.5246856046139965
0.5225712618840577
0.5204784311573167
0.5184067926041712
0.5163560320282649
0.5143258407565816
0.512315915531221
0.5103259584036518
0.50835567663237
0.5064047825800974
0.5044729936166454
0.5025600320205511
0.5006656248844887
0.4987895040221822
0.49693140587816287
0.49509107143692327
0.493268246137858
0.4914626797874554
0.4896741264776421
0.4879023445028314
0.48614709627875896
0.4844081482654474
0.48268527088958996
0.4809782384694961
0.47928682913942955
0.4776108247797535
0.4759500109446204
0.47430417679273257
0.47267311501991227
0.4710566217917048
0.46945449667853645
0.4678665425919051
0.46629256572154737
0.4647323754742433
0.46318578441372255
0.46165260820169496
0.4601326655401282
0.45862577811505156
0.4571317705409802
0.4556504703064904
0.4541817077211624
0.45272531586395026
0.4512811305313341
0.4498489901880994
0.44842873591781385
0.4470202113747839
0.44562326273732145
0.44423773866150074
0.44286349023571486
0.4415003709367815
0.44014823658600644
0.43880694530699915
0.4374763574841001
0.43615633572095347
0.4348467448006054
0.4335474516465673
0.4322583252841406
0.4309792368024441
0.4297100593171387
0.4284506679355269
0.4272009397188181
0.4259607536494126
0.4247299905947824
0.4235085332757827
0.4222962662321883
0.42109307579158706
0.4198988500371119
0.4187134787765855
0.4175368535126229
0.4163688674118561
0.41520941527704236
0.4140583935168599
0.4129157001189112
0.41178123462222727
0.41065489808912015
0.4095365930800571
0.40842622362636005
0.407323695206044
0.40622891471727157
0.4051417904553944
0.4040622320874888
0.40299015062993193
0.4019254584240377
0.40086806911437567
0.3998178976260404
0.39877486014223784
0.3977388740842668
0.39670985808891335
0.39568773198855833
0.3946724167908555
0.39366383465884147
0.39266190889116903
0.3916665639033132