2697539.7522296794
499506.169938323
124098.22277318397
35692.85005145456
12466.151088723187
5642.522374911445
3281.705201021895
2264.668184283296
1717.8533666830622
1371.0936912532597
1127.9552846593645
947.3176861314971
808.3021732594977
698.75237564407
610.8993957687042
539.4654561448798
480.71253460839273
431.91157773829883
391.022986612117
356.4935635259991
327.12213206789227
301.96770744271214
280.2850589614782
261.47846499119163
245.06787441947614
230.66372587307507
217.94793246408665
206.6593369432698
196.58246044661112
187.5387126040784
179.37946453469334
171.9805477779177
165.23785573404987
159.0638052236257
153.38447445842934
148.13727677365938
143.26906144686896
138.73455694018872
134.49509011521138
130.51752891351458
126.77340676066822
123.23819532644022
119.89069883544906
116.71254829539848
113.68777811231084
110.80247083258052
108.0444583709849
105.40307019172462
102.86892061172404
100.43372877620526
98.09016597941067
95.83172592005
93.65261423144585
91.5476542421728
89.51220642991473
87.54209944933608
85.63357096057649
83.78321677146027
81.98794704444984
80.24494851728124
78.55165185140207
76.90570336001166
75.3049404829875
73.74737047255937
72.23115183491124
70.75457814094302
69.31606387719047
67.91413205620593
66.54740334689996
65.2145865198649
63.914470032283745
62.64591460189189
61.40784664075382
60.1992524376398
59.01917299324733
57.86669942565316
56.74096887458026
55.64116084281588
54.566493921209286
53.5162228509504
52.48963588273857
51.48605239784614
50.50482076052522
49.545316375094856
48.60693992449407
47.68911576988677
46.79129049358204
45.91293156952994
45.05352614776375
44.212579940650755
43.38961620034529
42.58417477803728
41.79581125677215
41.024096150408894
40.26861416236006
39.528963498237225
38.80475522736387
38.0956126885844
37.40117093630017
36.72107622315985
36.05498551610934
35.40256604298938
34.76349486702623
34.13745848690033
33.524152460347786
32.923281049349605
32.334556885259985
31.7577006523023
31.192440788089257
30.63851319986232
30.095660995345398
29.563634227174987
29.04218964993161
28.53109048896228
28.030106220155222
27.539012360005668
27.057590265243412
26.58562694151016
26.12291486043536
25.669251784690235
25.224440600462987
24.788289157010986
24.360610112801822
23.941220787951845
23.529943022550334
23.126603040601132
22.731031319251173
22.34306246305473
21.962535082999427
21.589291680057734
21.22317853304538
20.864045590573237
20.51174636689521
20.166137841475955
19.827080362087344
19.494437551304138
19.168076216195885
18.847866261139757
18.53368060354378
18.225395092415937
17.92288842963315
17.62604209376544
17.334740266418503
17.048869760930348
16.768319953346182
16.492982715589818
16.222752350731234
15.957525530276678
15.697201233395624
15.441680688012113
15.190867313696875
14.94466666627499
14.702986384119718
14.465736136009165
14.232827570572494
14.004174267185661
13.77969168831446
13.559297133248673
13.342909693152976
13.130450207422435
12.921841221264806
12.717006944497705
12.515873211491709
12.318367442245096
12.124418604528834
11.933957177091385
11.746915113861963
11.563225809144996
11.382824063743733
11.205646052026104
11.031629289848107
10.86071260335883
10.692836098622049
10.52794113205093
10.365970281615004
10.206867318813073
10.050577181370969
9.897045946648825
9.746220805738147
9.598050038231797
9.452482987627999
9.309470037380791
9.168962587537811
9.030913031987794
8.895274736271896
8.762002015955119
8.631050115540292
8.5023751878994
8.375934274225468
8.251685284469543
8.129586978272583
8.009598946344841
7.891681592321333
7.775796115041257
7.661904491271068
7.5499694588321065
7.439954500142044
7.3318238261546895
7.22554236066708
7.121075725021876
7.018390223155949
6.917452827008063
6.818231162279042
6.720693494505241
6.6248087154869815
6.530546330008486
6.4378764428747886
6.346769746260687
6.257197507335166
6.16913155618548
6.082544274002294
5.9974085815569715
5.913697927923273
5.8313862794675035
5.7504481090821775
5.670858385668272
5.592592563854286
5.5156265739414625
5.439936812083338
5.365500130682381
5.292293828997281
5.220295643964812
5.149483741221949
5.079836706330127
5.011333536194524
4.943953630668214
4.8776767843415625
4.812483178518531
4.748353373364351
4.685268300219553
4.6232092540921155
4.562157886304133
4.5020961973068765
4.443006529638819
4.38487156105102
4.327674297765377
4.271398067893259
4.216026514983869
4.161543591714277
4.107933553716636
4.055180953533677
4.0032706347089455
3.9521877259925224
3.901917635678962
3.8524460460616323
3.803758908003343
3.755842435623015
3.708683101093165
3.6622676295453407
3.6165829940890952
3.5716164109246744
3.527355334567356
3.4837874531646467
3.4409006839159395
3.3986831685844234
3.3571232691039086
3.316209563272069
3.275930840541466
3.236276097890992
3.197234535780078
3.1587955541955957
3.1209487487686296
3.0836839069834348
3.0469910044491924
3.010860201264003
2.9752818384378923
2.9402464344030634
2.9057446815820853
2.871767443036314
2.8383057491755563
2.805350794538327
2.77289393463562
2.740926682857379
2.709440707446517
2.6784278285241583
2.6478800151868844
2.6177893826542182
2.58814818947365
2.558948834785558
2.530183855641877
2.5018459243747286
2.4739278460226175
2.446422555804483
2.41932311664712
2.3926227167572143
2.3663146672483326
2.34039239980686
2.314849464412161
2.2896795270977215
2.264876367755116
2.240433877986664
2.2163460589951143
2.192607019517777
2.1692109738012295
2.1461522396153447
2.123425236305675
2.1010244828868405
2.07894459616963
2.057180288924874
2.035726368090844
2.0145777330036556
1.9937293736723818
1.9731763690808881
1.9529138855286543
1.932937174998896
1.913241573562129
1.8938224998082003
1.874675453311144
1.8557960131202298
1.8371798362851874
1.8188226564056038
1.8007202822109931
1.7828685961674622
1.7652635531118226
1.7479011789099232
1.7307775691441696
1.7138888878243608
1.6972313661227822
1.6808013011368743
1.6645950546698862
1.6486090520417664
1.6328397809174529
1.6172837901605945
1.601937688707226
1.586798144464604
1.5718618832250337
1.5571256876073079
1.5425863960129753
1.528240901606378
1.5140861513096575
1.5001191448233386
1.4863369336588663
1.472736620192882
1.4593153567419321
1.446070344647185
1.4329988333858867
1.4200981196923954
1.4073655466987436
1.394798503092825
1.382394422289199
1.3701507816177372
1.3580651015285974
1.3461349448082616
1.3343579158149927
1.3227316597262218
1.3112538617996388
1.2999222466499825
1.2887345775381798
1.2776886556740632
1.2667823195326544
1.2560134441823347
1.2453799406272854
1.234879755159855
1.2245108687278445
1.2142712963110376
1.2041590863106604
1.1941723199513377
1.1843091106918298
1.174567603648107
1.164945975027699
1.1554424315733869
1.1460552100182344
1.1367825765505717
1.1276228262873709
1.118574282760751
1.109635297410788
1.100804249089226
1.092079543572523
1.0834596130833574
1.0749429158205683
1.0665279355007276
1.0582131809036364
1.049997185428618
1.0418785066613183
1.0338557259433276
1.0259274479542198
1.018092300299017
1.010348933104076
1.0026960186213465
0.9951322508355005
0.9876563450863177
0.9802670376898078
0.9729630855701914
0.9657432659005669
0.958606375744307
0.951551231710871
0.9445766696091735
0.9376815441145543
0.9308647284396457
0.9241251140082881
0.9174616101394555
0.9108731437340792
0.9043586589720448
0.8979171170068907
0.8915474956735457
0.88524878919887
0.8790200079153452
0.8728601779830163
0.8667683411156722
0.8607435543097102
0.8547848895817711
0.8488914337090314
0.8430622879727218
0.8372965679093074
0.8315934030652956
0.8259519367540092
0.820371325821669
0.8148507404112781
0.8093893637381989
0.8039863918621111
0.7986410334696302
0.7933525096571716
0.7881200537178791
0.782942910934952
0.7778203383747844
0.7727516046876485
0.7677359899094741
0.7627727852676789
0.757861292992611
0.7530008261274947
0.7481907083476579
0.7434302737788303
0.7387188668204471
0.7340558419716635
0.7294405636600184
0.7248724060750955
0.7203507530017952
0.7158749976609234
0.7114445425477391
0.7070587992775407
0.7027171884321736
0.6984191394089416
0.6941640902733407
0.6899514876130752
0.6857807863953942
0.6816514498287103
0.6775629492218378
0.6735147638513428
0.6695063808281465
0.6655372949664486
0.661607008655316
0.6577150317341418
0.6538608813685203
0.6500440819273289
0.6462641648656284
0.6425206686061034
0.6388131384234033
0.6351411263330016
0.6315041909770855
0.627901897519549
0.6243338175336905
0.6207995289010495
0.6172986157056576
0.6138306681323185
0.6103952823689943
0.6069920605043252
0.6036206104360207
0.6002805457725212
0.596971485741308
0.5936930550964177
0.5904448840312181
0.5872266080860818
0.5840378680649001
0.5808783099479181
0.5777475848091829
0.5746453487326428
0.5715712627329248
0.5685249926746048
0.5655062091945992
0.5625145876254364
0.559549807919508
0.5566115545747634
0.553699516562505
0.5508133872551375
0.5479528643563903
0.5451176498309445
0.5423074498383118
0.5395219746646024
0.5367609386570921
0.5340240601599424
0.5313110614512986
0.5286216686793473
0.5259556118031259
0.5233126245308024
0.5206924442609571
0.518094812024261
0.5155194724265179
0.5129661735929136
0.510434667111457
0.5079247079793664
0.5054360545509529
0.502968468482821
0.5005217146835811
0.49809556126352383
0.49568977948381543
0.4933041437076787
0.49093843135274035
0.48859242284384613
0.4862659015650736
0.4839586538156976
0.48167046876367514
0.4794011384028879
0.4771504575084882
0.4749182235942569
0.4727042368715474
0.47050830020634593
0.4683302190804821
0.4661698015494468
0.464026858205256
0.4619012021365288
0.45979264889074123
0.4577010164367765
0.45562612512918027
0.45356779766981187
0.4515258590746535
0.4495001366377941
0.44749045989704905
0.4454966606000754
0.44351857267196587
0.44155603218103745
0.43960887730869486
0.4376769483157577
0.43576008751299605
0.4338581392297656
0.43197094978414136
0.43009836745273483
0.42824024244339476
0.4263964268637775
0.4245667746959586
0.4227511417671155
0.4209493857230816
0.4191613660005517
0.4173869438019057
0.41562598206875684
0.41387834545628244
0.4121439003091616
0.41042251463456725
0.4087140580808802
0.4070184019112875
0.4053354189822741
0.4036649837187608
0.40200697209236136
0.40036126159932905
0.3987277312374893
0.3971062614853797
0.39549673428088633
0.3938990329991197
0.39231304243421694
0.39073864877656406
0.38917573959424223
0.3876242038126297
0.3860839316954511
0.3845548148260681
0.38303674608785376
0.38152961964688936
0.3800333309325019
0.3785477766207446
0.37707285461558576
0.3756084640328349
0.3741545051821272
0.3727108795506688
0.3712774897868679
0.36985423968351877
0.36844103416240565
0.3670377792586891
0.3656443821045788
0.36426075091509846
0.36288679497249
0.36152242461136974
0.3601675512054997
0.35882208715122565
0.3574859458550258
0.3561590417195995
0.3548412901295546
0.35353260743839904
0.35223291095536247
0.3509421189320052
0.34966015054959954
0.3483869259070116
0.3471223660072892
0.34586639274635467
0.34461892890021645
0.3433798981136963
0.342149224888404
0.34092683457151246
0.339712653344017
0.3385066082098971
0.3373086269852954
0.3361186382872966
0.33493657152347367
0.3337623568810085
0.33259592531765675
0.33143720854972025
0.3302861390434648
0.3291426500046579
0.32800667536901223
0.3268781497924518
0.32575700864173385
0.3246431879852394
0.3235366245837472
0.32243725588167127
0.32134501999789833
0.32025985571668436
0.31918170248003064
0.3181105003783875
0.317046190142792
0.31598871313617877
0.31493801134523874
0.3138940273731458
0.31285670443070207
0.31182598632944813
0.3108018174737664
0.30978414285250144
0.30877290803313745
0.3077680591528947
0.3067695429124321