4848225.220955353
2433288.347850194
1663363.891309084
1209903.0293132386
904133.1808038274
685726.2294297491
524953.7037111609
404579.90723783907
313529.534680725
244198.3338843086
191146.99868162087
150388.36437994702
118957.06584668884
94628.41140332089
75724.29510346845
60974.31526722715
49414.1721981912
40310.334155923265
33103.72341318111
27367.408099659224
22774.714391213172
19075.140843816418
16076.13778603575
13629.306925114353
11619.937996702494
9959.067808078795
8577.447691127541
7420.955963800388
6447.105299860181
5622.380306562467
4920.205056209282
4319.388992229803
3802.936416185877
3357.1325764556777
2970.8404190220595
2634.957981894311
2341.998466901016
2085.764149499044
1861.0922016527309
1663.6557434034348
1489.807412642661
1336.4557576745274
1200.9670462158206
1081.0868236341353
974.8768756935357
880.6642576793332
796.9998188144743
722.6242361319667
656.4400191788798
597.4882892410767
544.9293993109618
498.02666281353515
456.13261460534704
418.6773479264068
385.1585641443905
355.1330446097173
328.2093105539487
304.0412813769343
282.3227766758848
262.78273510391585
245.18104523926107
229.30490134756894
214.96561118804988
201.99579458717545
190.2469209504005
179.58714164300292
169.89937958741396
161.07964376238624
153.03554075761954
145.68495929903105
138.9549068444306
132.7804800592401
127.10395329884356
121.87397121400927
117.04483331158966
112.57585978731856
108.43082923680208
104.57747997284105
100.98706765737599
97.6339728131685
94.49535253216003
91.55083135715401
88.7822268940256
86.17330622270907
83.70956962607102
81.37805855323846
79.16718508566987
77.06658048432266
75.06696067145415
73.16000674326293
71.33825882508947
69.59502177141208
67.92428138181562
66.32062995383883
64.77920012638965
63.295606084982666
61.8658913046188
60.486482098640025
59.15414632396261
57.86595666621672
56.619257992806965
55.41163831932195
54.240902985853815
53.10505168480781
52.00225802204345
50.93085132877454
49.88930047333591
48.87619944997911
47.89025454675919
46.93027291684084
45.99515239704386
45.08387243502479
44.19548600192661
43.32911238112761
42.48393073593177
41.65917436983016
40.85412560271458
40.06811119490406
39.30049825843808
38.55069060191049
37.818125460999184
37.1022705723087
36.402621552756365
35.718699550955144
35.050049140866214
34.396236431159
33.75684736679005
33.131486201843146
32.51977412504936
31.92134802142695
31.335859355332268
30.76297316186403
30.202367134958113
29.65373080183041
29.116764774583533
28.59118007076321
28.07669749556754
27.5730470792494
27.079967563917823
26.59720593458638
26.12451698992228
25.661662948563315
25.208413087433957
24.764543408756808
24.329836332911672
23.904080414567897
23.487070079747735
23.078605381843964
22.678491774686655
22.286539901085767
21.902565395342574
21.526388698461165
21.15783488487172
20.79673349963574
20.442918405160313
20.09622763666903
19.75650326556424
19.42359127010867
19.097341412766156
18.77760712366159
18.464245389710737
18.157116648921622
17.856084689525343
17.5610165535438
17.2717824444889
16.988255638904807
16.710312401468702
16.437831903436276
16.170696144210744
15.90878987580401
15.652000530084125
15.400218148556117
15.15333531460407
14.91124708801988
14.673850941685574
14.441046700336326
14.212736481252099
13.988824636822448
13.769217698846768
13.553824324560095
13.342555244222163
13.13532321026607
12.932042947917758
12.732631107207752
12.537006216358291
12.345088636443576
12.156800517323036
11.972065754757596
11.790809948700641
11.612960362686902
11.43844588432029
11.267196986782317
11.0991456913679
10.934225530965284
10.772371514513907
10.61352009234054
10.457609122395148
10.304577837343661
10.154366812485367
10.00691793447426
9.862174370829377
9.720080540195678
9.580582083352391
9.44362583491913
9.309159795781838
9.17713310617823
9.047496019442605
8.920199876398975
8.795197080367199
8.672441072787919
8.551886309416268
8.433488237110184
8.317203271165047
8.202988773203481
8.090803029576474
7.980605230303539
7.872355448496984
7.766014620291324
7.661544525234483
7.558907767160549
7.458067755503269
7.358988687060043
7.261635528181968
7.165973997384157
7.071970548373727
6.9795923534648505
6.88880728739122
6.799583911502262
6.711891458314702
6.625699816443445
6.540979515879969
6.457701713599461
6.3758381795293
6.295361282824087
6.216243978471036
6.138459794199455
6.061982817703246
5.986787684153551
5.912849564001927
5.840144151064114
5.768647650890362
5.698336769386541
5.6291887017154405
5.56118112144409
5.494292169945445
5.428500446039103
5.3637849958803505
5.300125303071261
5.237501279003057
5.175893253426597
5.115281965226247
5.055648553416023
4.9969745483364445
4.939241863055692
4.882432784966588
4.826529967573987
4.771516422469052
4.717375511493997
4.6640909390767815
4.611646744738097
4.560027295783518
4.509217280148171
4.459201699406765
4.409965861944324
4.361495376285976
4.313776144566954
4.266794356159104
4.220536481443607
4.174989265715128
4.130139723230763
4.0859751313911135
4.042483025056581
3.999651190981704
3.957467662390362
3.9159207136556633
3.8749988551164547
3.834690827994849
3.7949855994392876
3.7558723576749857
3.7173405072625263
3.6793796644622256
3.641979652702931
3.6051304981573273
3.568822425404833
3.533045853200563
3.4977913903413946
3.4630498316103075
3.4288121538271294
3.395069511976952
3.3618132354273373
3.3290348242350767
3.296725945522989
3.2648784299502647
3.233484268252977
3.2025356078648826
3.1720247496105314
3.1419441444737637
3.112286390437353
3.0830442293919327
3.054210544111805
3.0257783553017803
2.997740818705695
2.970091222278006
2.942822983419823
2.915929646276892
2.8894048790934335
2.8632424716231086
2.8374363326073224
2.8119804872925207
2.7868690750162415
2.762096346837502
2.737656663223835
2.7135444917832583
2.689754405054389
2.666281078335225
2.643119287566369
2.6202639072579648
2.597709908459974
2.575452356780227
2.5534864104425723
2.531807318388016
2.5104104184187084
2.4892911353780285
2.468444979376493
2.447867544050987
2.4275545048588656
2.407501617422375
2.38770471589054
2.368159711349608
2.348862590263569
2.329809412947341
2.310996312073712
2.292419491212285
2.2740752234009785
2.255959849745799
2.238069778051883
2.220401481484275
2.20295149725707
2.185716425351303
2.1686929272567834
2.1518777247451206
2.135267598667282
2.118859387775814
2.1026499875733387
2.086636349184647
2.0708154782535844
2.055184433863177
2.0397403274784116
2.024480321909004
2.0094016303002
1.9945015151386325
1.97977728728351
1.9652263050140348
1.9508459731010206
1.9366337418960469
1.922587106440435
1.9087036055911013
1.8949808211666768
1.881416377113383
1.8680079386815476
1.8547532116282626
1.8416499414284013
1.8286959125092392
1.815888947495589
1.803226906473636
1.7907076862685234
1.7783292197385367
1.7660894750837628
1.7539864551653204
1.7420181968461346
1.7301827703371409
1.7184782785619745
1.7069028565364388
1.6954546707525708
1.6841319185864687
1.6729328277087145
1.6618556555120212
1.650898688549829
1.6400602419853372
1.6293386590535748
1.6187323105336002
1.6082395942279095
1.5978589344601613
1.5875887815762717
1.577427611460038
1.5673739250543448
1.557426247897149
1.5475831296623834
1.5378431437125828
1.528204886660709
1.5186669779398583
1.5092280593805012
1.4998867947999164
1.490641869596753
1.4814919903547143
1.4724358844527985
1.4634722996868497
1.4546000038961875
1.4458177845966604
1.4371244486232364
1.4285188217800429
1.4199997484945042
1.4115660914801669
1.4032167314086434
1.3949505665825008
1.3867665126197095
1.3786635021410871
1.3706404844673932
1.3626964253174967
1.3548303065163696
1.3470411257086976
1.3393278960757355
1.3316896460604262
1.3241254190941603
1.3166342733333807
1.3092152814003404
1.301867530124554
1.294590120294918
1.2873821664140792
1.2802427964566525
1.2731711516355628
1.2661663861674848
1.2592276670488012
1.2523541738329729
1.2455450984099907
1.2387996447941105
1.2321170289138759
1.225496478407101
1.2189372324165346
1.2124385413946346
1.2059996669069857
1.199619881443599
1.1932984682310563
1.1870347210500323
1.1808279440536595
1.1746774515936391
1.168582568044555
1.1625426276370043
1.1565569742883328
1.150624961439715
1.1447459518978769
1.1389193176750312
1.1331444398367816
1.127420708348204
1.121747521927555
1.1161242878992739
1.110550422049827
1.1050253484902584
1.0995484995146516
1.0941193154679927
1.0887372446105026
1.0834017429900507
1.0781122743117226
1.0728683098145455
1.0676693281463516
1.0625148152441648
1.0574042642142745
1.0523371752164221
1.0473130553499321
1.0423314185388577
1.0373917854247303
1.0324936832567368
1.0276366457852504
1.0228202131577318
1.0180439318160195
1.0133073543959092
1.008610039629359
1.0039515522445612
0.9993314628733319
0.994749347956592
0.99020478965236
0.985697375745411
0.9812266995587351
0.9767923598660134
0.9723939608080747
0.9680311118054672
0.9637034274787633
0.9594105275664346
0.9551520368455151
0.9509275850524533
0.9467368068083668
0.9425793415404898
0.9384548334114811
0.9343629312431739
0.9303032884477209
0.9262755629554006
0.9222794171469894
0.9183145177845171
0.914380535945593
0.9104771469566338
0.9066040303293981
0.9027608696977314
0.898947352754989
0.8951631711923986
0.8914080206396187
0.887681600605477
0.883983614419638
0.8803137691760982
0.8766717756766909
0.8730573483754986
0.8694702053254342
0.8659100681246867
0.862376661863431
0.8588697150747345
0.8553889596800726
0.851934130943583
0.8485049674209024
0.8451012109102939
0.8417226064076465
0.838368902058326
0.8350398491111333
0.831735201875101
0.8284547176729753
0.8251981567997599
0.8219652824779224
0.8187558608169849
0.8155696607717261
0.8124064540999962
0.8092660153249571
0.80614812169409
0.8030525531410966
0.7999790922471053
0.7969275242044751
0.7938976367777866
0.7908892202704024
0.787902067485953
0.7849359736948855
0.7819907365995504
0.779066156299797
0.776162035259633
0.7732781782754027
0.7704143924412021
0.767570487119151
0.7647462739065061
0.7619415666058313
0.7591561811940164
0.7563899357922687
0.7536426506368796
0.7509141480509686
0.7482042524144344
0.7455127901377132
0.7428395896318782
0.7401844812840412
0.7375472974286184
0.7349278723221127
0.732326042116079
0.7297416448325832
0.7271745203396174
0.7246245103236588
0.7220914582686877
0.7195752094293805
0.7170756108098867
0.7145925111382619
0.7121257608453597
0.7096752120412151
0.7072407184938763
0.704822135605969
0.7024193203945284
0.7000321314696216
0.6976604290120964
0.6953040747552335
0.6929629319625917
0.6906368654088899
0.6883257413604218
0.6860294275547877
0.6837477931833951
0.6814807088710784
0.679228046658234
0.6769896799830297
0.6747654836632971
0.67255533387739
0.6703591081487102
0.6681766853277482
0.6660079455749264
0.6638527703439088
0.6617110423658541
0.6595826456321643
0.6574674653791328
0.65536538807273
0.65327630139232
0.6512000942150681
0.6491366566022438
0.6470858797828438
0.6450476561396508
0.6430218791958987
0.6410084435988712
0.6390072451078042
0.6370181805788044
0.6350411479524238
0.6330760462390538
0.6311227755064613
0.6291812368669905
0.6272513324635025
0.6253329654577546
0.623426040018427
0.6215304613071577
0.6196461354677889
0.6177729696137519
0.6159108718167505
0.6140597510939103
0.612219517398408
0.6103900816066293
0.6085713555069083
0.6067632517892252
0.604965684034398
0.6031785667027899
0.601401815124659
0.5996353454882022
0.5978790748315735
0.5961329210299813
0.5943968027884521
0.5926706396303227
0.5909543518877411
0.589247860692957
0.5875510879674479
0.5858639564135255
0.5841863895057631
0.5825183114802169
0.5808596473268881
0.5792103227806183
0.577570264311606
0.5759393991179963
0.5743176551166227
0.5727049609349708
0.5711012459028113
0.5695064400438288
0.567920474068128
0.5663432793636428
0.5647747879893679
0.5632149326660173
0.5616636467707572
0.5601208643263587
0.5585865199980059
0.557060549081285
0.5555428874996502
0.554033471793479
0.5525322391151617
0.5510391272215509
0.5495540744669679
0.5480770197971871
0.5466079027415215
0.5451466634071266
0.5436932424723806
0.5422475811806557
0.5408096213326736
0.5393793052825384
0.5379565759292972
0.5365413767125697
0.5351336516054921
0.5337333451087451
0.5323404022456351
0.5309547685555782
0.5295763900878333
0.5282052133976007
0.5268411855385562
0.5254842540586944
0.5241343669941904
0.5227914728637125
0.5214555206643654
0.5201264598656615
0.5188042404039384
0.5174888126781552
0.5161801275445839
0.5148781363108527
0.5135827907329663
0.5122940430085574
0.5110118457733878
0.5097361520957912
0.5084669154726336
0.5072040898241332
0.5059476294897256
0.5046974892236997
0.5034536241897516
0.502215989957875
0.500984542499314
0.4997592381826303
0.49854003376869543
0.4973268864072845
0.4961197536332723
0.49491859336103877
0.4937233638824504
0.49253402386103606
0.4913505323288774
0.4901728486835494
0.48900093268242445
0.4878347444402488
0.48667424442508633
0.48551939345471085
0.4843701526923212
0.4832264836441299
0.4820883481543025
0.4809557084020527
0.47982852689938427
0.47870676648554034
0.47759039032481976
0.4764793619034502
0.4753736450248961
0.4742732038084918
0.47317800268455246
0.472088006391949
0.4710031799746217
0.4699234887792132
0.46884889845042027
0.467779374929603
0.466714884450882
0.4656553935383284
0.464600869002527
0.4635512779384465
0.4625065877225626
0.4614667660092509
0.460431780728048
0.45940160008208447
0.45837619254352446
0.4573555268523185
0.45633957201268716
0.45532829729048796
0.454321672211599
0.4533196665578148
0.45232225036471724