69518314.97264098
44571212.609007716
34642364.66448715
29228900.260810554
25799873.305989217
23396528.623023447
21593657.710350275
20180533.45497204
19041402.292864744
18106120.48129108
17328370.45342898
16675439.613559397
16123085.183690932
15652745.241575535
15249893.715580184
14902991.572791647
14602773.12759812
14341735.855741506
14113762.753078684
13913836.063047918
13737816.702352777
13582272.349898629
13444342.324358223
13321630.668702124
13212121.080395497
13114108.888072839
13026146.409019431
12946998.862471012
12875608.646890359
12811066.271476757
12752586.602216708
12699489.368588097
12651183.098859107
12607151.824809445
12566944.031931221
12530163.437287686
12496461.260741068
12465529.721205518
12437096.54179098
12410920.289156804
12386786.40539981
12364503.817159548
12343902.027733536
12324828.614955109
12307147.071253303
12290734.933364894
12275482.158131124
12261289.708107691
12248068.316674722
12235737.407217888
12224224.14496941
12213462.603414876
12203393.029921113
12193961.197526416
12185117.8317433
12176818.10282355
12169021.175279679
12161689.807592079
12154789.99599208
12148290.657027572
12142163.344313797
12136381.995466951
12130922.705728749
12125763.52522891
12120884.27721095
12116266.394874413
12111892.774769781
12107747.644929215
12103816.44613069
12100085.724880328
12096543.036861245
12093176.85974074
12089976.514353313
12086932.093387017
12084034.396798568
12081274.873267593
12078645.567076128
12076139.069866404
12073748.476788685
12071467.346603394
12069289.665347885
12067209.813219564
12065222.534363259
12063322.909283442
12061506.329630682
12059768.475137344
12058105.292500574
12056512.976030998
12054987.949903786
12053526.851865182
12052126.518261768
12050783.970273443
12049496.401242018
12048261.16499845
12047075.765100533
12045937.844901912
12044845.178380087
12043795.661658673
12042787.305164611
12041818.226366917
12040886.64304834
12039990.86706584
12039129.29855969
12038300.420574743
12037502.794060735
12036735.053221144
12035995.901183253
12035284.105964076
12034598.496709188
12033937.960183475
12033301.437494636
12032687.921031795
12032096.45160309
12031526.115757577
12030976.043277875
12030445.404831083
12029933.40976668
12029439.304050704
12028962.368326848
12028501.916095302
12028057.292001382
12027627.870226255
12027213.052972889
12026812.26904071
12026424.972483149
12026050.641342472
12025688.776456865
12025338.90033509
12025000.556094334
12024673.306457104
12024356.732803771
12024050.434276698
12023754.026933314
12023467.142944792
12023189.429837558
12022920.549775155
12022660.178877894
12022408.006578187
12022163.735009313
12021927.078425664
12021697.762652814
12021475.524565417
12021260.11159157
12021051.281241972
12020848.800662633
12020652.446209645
12020462.003044924
12020277.264751695
12020098.032968711
12019924.117042009
12019755.33369355
12019591.506705506
12019432.466619655
12019278.05045087
12019128.101414073
12018982.468663912
12018841.007046556
12018703.576862868
12018570.043642491
12018440.277928226
12018314.15507023
12018191.555029511
12018072.362190176
12017956.46518017
12017843.75669999
12017734.13335893
12017627.495518548
12017523.747143121
12017422.795656439
12017324.551804993
12017228.929526964
12017135.845827006
12017045.220656214
12016956.976797393
12016871.039755061
12016787.337650249
12016705.801119646
12016626.363218997
12016548.959330596
12016473.527074542
12016400.006223781
12016328.338622585
12016258.468108421
12016190.34043705
12016123.903210595
12016059.10580869
12015995.899322275
12015934.23649014
12015874.071638038
12015815.360620204
12015758.06076323
12015702.13081218
12015647.530878846
12015594.222391997
12015542.168049747
12015491.331773596
12015441.678664375
12015393.174959958
12015345.787994508
12015299.486159394
12015254.238865545
12015210.01650735
12015166.790427858
12015124.532885334
12015083.217021145
12015042.816828756
12015003.307124043
12014964.66351661
12014926.862382274
12014889.88083649
12014853.696708888
12014818.288518658
12014783.635450913
12014749.717333928
12014716.514617182
12014684.008350242
12014652.180162432
12014621.012243206
12014590.487323303
12014560.588656576
12014531.30000237
12014502.605608722
12014474.490196057
12014446.938941466
12014419.937463623
12014393.471808162
12014367.52843366
12014342.09419802
12014317.15634543
12014292.702493772
12014268.720622372
12014245.199060371
12014222.126475327
12014199.49186231
12014177.284533376
12014155.494107382
12014134.110500146
12014113.123915
12014092.524833623
12014072.304007214
12014052.452447964
12014032.961420814
12014013.822435508
12013995.027238913
12013976.567807602
12013958.436340652
12013940.62525281
12013923.12716771
12013905.934911449
12013889.041506356
12013872.440164939
12013856.124284033
12013840.08743923
12013824.323379342
12013808.826021206
12013793.589444548
12013778.607887065
12013763.875739673
12013749.387541903
12013735.137977421
12013721.121869747
12013707.334178092
12013693.769993309
12013680.424533969
12013667.293142635
12013654.371282194
12013641.654532304
12013629.138585998
12013616.819246357
12013604.692423299
12013592.754130516
12013581.000482406
12013569.427691247
12013558.032064296
12013546.81000113
12013535.757990943
12013524.872610066
12013514.15051943
12013503.588462165
12013493.183261322
12013482.931817584
12013472.831107073
12013462.878179276
12013453.070154976
12013443.404224254
12013433.877644578
12013424.48773891
12013415.231893988
12013406.107558431
12013397.112241145
12013388.243509652
12013379.498988453
12013370.87635754
12013362.373350846
12013353.987754796
12013345.717406904
12013337.560194379
12013329.514052838
12013321.576964965
12013313.746959288
12013306.022108924
12013298.400530472
12013290.880382804
12013283.45986598
12013276.13722013
12013268.91072449
12013261.778696302
12013254.739489866
12013247.791495578
12013240.933138967
12013234.162879871
12013227.479211451
12013220.88065945
12013214.365781266
12013207.933165206
12013201.581429683
12013195.309222467
12013189.115219943
12013182.998126397
12013176.956673294
12013170.98961864
12013165.095746309
12013159.27386538
12013153.522809561
12013147.841436533
12013142.2286274
12013136.683286095
12013131.204338836
12013125.790733594
12013120.441439567
12013115.155446611
12013109.931764813
12013104.769424014
12013099.667473262
12013094.624980435
12013089.641031737
12013084.714731304
12013079.845200757
12013075.031578813
12013070.27302085
12013065.568698566
12013060.917799573
12013056.31952701
12013051.77309923
12013047.27774942
12013042.832725257
12013038.437288605
12013034.090715153
12013029.792294133
12013025.541328022
12013021.337132186
12013017.179034662
12013013.066375831
12013008.998508152
12013004.974795908
12013000.994614905
12012997.05735226
12012993.162406158
12012989.309185531
12012985.497109946
12012981.725609262
12012977.99412347
12012974.302102452
12012970.649005763
12012967.034302456
12012963.457470838
12012959.91799828
12012956.415381052
12012952.949124116
12012949.518740928
12012946.123753289
12012942.763691148
12012939.438092431
12012936.146502916
12012932.888476007
12012929.663572613
12012926.471361006
12012923.311416587
12012920.183321908
12012917.086666336
12012914.021046061
12012910.986063832
12012907.981328966
12012905.00645708
12012902.061070064
12012899.144795895
12012896.257268555
12012893.398127878
12012890.56701948
12012887.763594579
12012884.987509958
12012882.23842781
12012879.516015626
12012876.819946148
12012874.149897192
12012871.505551606
12012868.88659716
12012866.292726433
12012863.723636765
12012861.17903009
12012858.658612942
12012856.162096294
12012853.689195516
12012851.239630269
12012848.813124457
12012846.409406088
12012844.02820727
12012841.669264097
12012839.332316563
12012837.017108522
12012834.723387612
12012832.450905148
12012830.199416108
12012827.968679026
12012825.758455953
12012823.56851241
12012821.398617243
12012819.248542694
12012817.1180642
12012815.00696044
12012812.915013248
12012810.842007536
12012808.78773127
12012806.751975378
12012804.73453375
12012802.73520315
12012800.753783166
12012798.7900762
12012796.843887342
12012794.91502441
12012793.003297871
12012791.10852075
12012789.230508674
12012787.369079754
12012785.524054563
12012783.695256136
12012781.882509874
12012780.085643515
12012778.304487128
12012776.538873028
12012774.788635785
12012773.053612154
12012771.333641047
12012769.62856352
12012767.938222678
12012766.262463722
12012764.601133872
12012762.954082306
12012761.321160194
12012759.702220619
12012758.097118562
12012756.505710859
12012754.927856198
12012753.363415068
12012751.81224973
12012750.274224203
12012748.749204224
12012747.237057231
12012745.737652328
12012744.250860259
12012742.776553407
12012741.314605722
12012739.864892712
12012738.42729148
12012737.001680613
12012735.5879402
12012734.185951795
12012732.795598451
12012731.416764583
12012730.049336083
12012728.693200162
12012727.34824547
12012726.014361952
12012724.691440905
12012723.379374921
12012722.078057894
12012720.78738498
12012719.507252563
12012718.237558292
12012716.978201024
12012715.729080798
12012714.490098847
12012713.261157546
12012712.04216045
12012710.833012195
12012709.633618595
12012708.443886476
12012707.26372383
12012706.093039632
12012704.931743996
12012703.779748011
12012702.63696379
12012701.503304483
12012700.37868421
12012699.263018068
12012698.156222139
12012697.058213446
12012695.968909942
12012694.88823052
12012693.816094961
12012692.75242399
12012691.69713918
12012690.65016301
12012689.611418793
12012688.58083071
12012687.558323782
12012686.543823872
12012685.537257638
12012684.538552564
12012683.547636915
12012682.564439759
12012681.588890916
12012680.620920999
12012679.660461364
12012678.707444102
12012677.761802053
12012676.823468773
12012675.892378539
12012674.968466345
12012674.051667849
12012673.141919438
12012672.239158157
12012671.343321739
12012670.45434855
12012669.57217761
12012668.69674863
12012667.82800192
12012666.965878412
12012666.110319689
12012665.261267914
12012664.418665888
12012663.582456995
12012662.752585193
12012661.928995058
12012661.111631699
12012660.300440818
12012659.495368699
12012658.696362127
12012657.90336848
12012657.11633566
12012656.335212106
12012655.559946762
12012654.790489124
12012654.026789194
12012653.268797467
12012652.516464954
12012651.76974317
12012651.028584095
12012650.292940205
12012649.562764479
12012648.838010313
12012648.118631614
12012647.404582733
12012646.695818497
12012645.992294144
12012645.293965401
12012644.60078838
12012643.912719697
12012643.229716333
12012642.551735742
12012641.878735749
12012641.210674629
12012640.547511065
12012639.889204131
12012639.235713298
12012638.586998438
12012637.943019822
12012637.303738102
12012636.669114294
12012636.039109822
12012635.413686473
12012634.792806365
12012634.176432034
12012633.564526364
12012632.957052562
12012632.353974225
12012631.755255273
12012631.160859974
12012630.57075297
12012629.984899187
12012629.403263912
12012628.825812759
12012628.252511669
12012627.683326894
12012627.118225006
12012626.5571729
12012626.000137791
12012625.44708716
12012624.897988833
12012624.352810938
12012623.811521854
12012623.274090318
12012622.740485301
12012622.2106761
12012621.684632279
12012621.162323676
12012620.643720446
12012620.128792968
12012619.617511919
12012619.109848255
12012618.605773175
12012618.105258157
12012617.608274937
12012617.114795512
12012616.624792133
12012616.13823729
12012615.655103741
12012615.175364481
12012614.698992763
12012614.225962047
12012613.756246079
12012613.289818816
12012612.826654442
12012612.366727399
12012611.910012333
12012611.45648413
12012611.006117895
12012610.558888968
12012610.114772882
12012609.673745424
12012609.235782567
12012608.800860502
12012608.368955646
12012607.940044625
12012607.514104236
12012607.091111526
12012606.67104372
12012606.253878249
12012605.839592738
12012605.428165013
12012605.019573092
12012604.613795202
12012604.210809724
12012603.810595257
12012603.41313058
12012603.018394643
12012602.626366608
12012602.237025797
12012601.850351702
12012601.466324007
12012601.08492258
12012600.706127439
12012600.329918802
12012599.956277035
12012599.585182657
12012599.216616426
12012598.850559173
12012598.486991955
12012598.125895966
12012597.767252583
12012597.411043296
12012597.057249794
12012596.705853924
12012596.356837654
12012596.010183124
12012595.665872639
12012595.323888633
12012594.984213693
12012594.64683055
12012594.311722085
12012593.978871329
12012593.648261445
12012593.31987574
12012592.993697675
12012592.669710815
12012592.347898912
12012592.028245805
12012591.710735496
12012591.395352114
12012591.082079928
12012590.77090331
12012590.461806787
12012590.154775025
12012589.849792777
12012589.546844944
12012589.245916586
12012588.946992815
12012588.650058918
12012588.355100298
12012588.062102452
12012587.771051023
12012587.48193176
12012587.194730524
12012586.909433305
12012586.626026196
12012586.34449541
12012586.064827275
12012585.787008211
12012585.511024777
12012585.236863622
12012584.96451151
12012584.693955306
12012584.425181992
12012584.15817865
12012583.892932456
12012583.629430719
12012583.367660806
12012583.107610215
12012582.849266557
12012582.592617523
12012582.337650876
12012582.084354544
12012581.832716491
12012581.58272481
12012581.334367681
12012581.087633364
12012580.842510227
12012580.598986745
12012580.357051454
12012580.116693
12012579.87790011
12012579.640661616
12012579.404966427
12012579.170803536
12012578.938162016
12012578.707031053
12012578.477399899
12012578.2492579
12012578.02259447
12012577.797399122
12012577.573661448
12012577.351371128
12012577.13051791
12012576.911091613
12012576.693082158
12012576.476479555
12012576.26127385
12012576.047455197
12012575.835013824
12012575.623940038
12012575.414224198
12012575.20585677
12012574.99882827
12012574.793129306
12012574.58875053
12012574.38568271
12012574.183916645
12012573.983443227
12012573.784253404
12012573.586338222
12012573.389688756
12012573.194296174
12012573.000151709
12012572.807246666
12012572.615572406
12012572.425120363
12012572.235882027
12012572.047848977
12012571.861012822
12012571.675365264
12012571.490898062
12012571.307603024
12012571.125472037
12012570.944497038
12012570.764670027
12012570.58598308
12012570.408428308
12012570.231997907
12012570.056684107
12012569.882479226
12012569.709375612
12012569.537365675
12012569.366441913
12012569.196596846
12012569.02782306
12012568.860113205
12012568.693459975
12012568.527856125
12012568.363294464
12012568.199767863
12012568.037269231
12012567.875791527
12012567.715327786
12012567.555871097
12012567.397414552
12012567.239951352
12012567.083474718
12012566.927977933
12012566.77345432
12012566.619897248
12012566.467300177
12012566.315656554
12012566.164959917
12012566.015203826
12012565.866381917
12012565.718487855
12012565.571515353
12012565.425458163
12012565.28031011
12012565.136065038
12012564.992716845
12012564.850259472
12012564.70868691
12012564.567993194
12012564.428172395
12012564.289218636
12012564.151126081
12012564.013888938
12012563.877501443
12012563.741957907
12012563.607252644
12012563.473380033
12012563.340334486
12012563.208110476
12012563.076702476
12012562.946105035
12012562.816312725
12012562.687320169
12012562.559122004
12012562.431712938
12012562.3050877
12012562.179241069
12012562.054167831
12012561.929862857
12012561.806321016
12012561.683537224
12012561.561506445
12012561.440223685
12012561.31968395
12012561.19988233
12012561.080813896
12012560.96247381
12012560.84485723
12012560.727959368
12012560.611775467
12012560.496300796
12012560.381530672
12012560.267460426
12012560.154085452
12012560.041401124
12012559.929402918
12012559.818086304
12012559.707446776
12012559.597479872
12012559.488181176
12012559.379546288
12012559.271570832
12012559.16425048
12012559.05758093
12012558.951557904
12012558.846177153
12012558.741434477
12012558.637325687
12012558.533846626
12012558.430993177
12012558.328761237
12012558.227146756
12012558.126145672
12012558.025753992
12012557.925967742
12012557.826782955
12012557.728195718
12012557.630202126
12012557.532798316
12012557.435980456
12012557.33974472
12012557.24408731
12012557.149004484
12012557.054492498
12012556.960547645
12012556.867166236
12012556.774344632
12012556.68207919
12012556.5903663
12012556.499202382
12012556.408583898
12012556.318507291
12012556.228969071
12012556.139965765
12012556.051493911
12012555.963550068
12012555.876130827
12012555.789232804
12012555.70285265
12012555.616987012
12012555.531632572
12012555.44678606
12012555.362444183
12012555.278603712
12012555.1952614
12012555.112414088
12012555.030058548
12012554.948191667
12012554.866810264
12012554.78591126
12012554.705491545
12012554.625548052
12012554.546077745
12012554.467077577
12012554.388544543
12012554.31047567
12012554.232867964
12012554.155718517
12012554.079024374
12012554.00278263
12012553.926990412
12012553.851644857
12012553.776743108
12012553.702282334
12012553.628259726
12012553.554672517
12012553.481517922
12012553.408793198
12012553.336495599
12012553.264622442
12012553.193171002
12012553.122138614
12012553.05152262
12012552.981320398
12012552.911529303
12012552.842146736
12012552.773170114
12012552.704596879
12012552.636424465
12012552.568650352
12012552.501272006
12012552.434286943
12012552.36769268
12012552.30148674
12012552.235666692
12012552.1702301
12012552.105174534
12012552.040497601
12012551.976196926
12012551.912270142
12012551.848714884
12012551.785528837
12012551.72270966
12012551.660255069
12012551.59816278
12012551.536430482
12012551.475055957
12012551.414036952
12012551.353371236
12012551.293056594
12012551.23309085
12012551.173471792
12012551.114197265
12012551.055265117
12012550.996673213
12012550.938419433
12012550.880501635
12012550.822917767
12012550.765665714
12012550.708743427
12012550.652148843
12012550.595879916
12012550.539934633
12012550.48431098
12012550.429006938
12012550.374020528
12012550.319349797
12012550.264992766
12012550.210947488
12012550.157212032
12012550.103784475
12012550.050662912
12012549.99784545
12012549.945330195
12012549.893115284
12012549.841198858
12012549.789579071
12012549.738254085
12012549.687222082
12012549.636481246
12012549.586029792
12012549.535865923
12012549.48598788
12012549.43639387
12012549.38708218
12012549.338051043
12012549.289298745
12012549.240823573
12012549.192623807
12012549.144697772
12012549.09704376
12012549.04966013
12012549.00254521
12012548.955697333
12012548.909114884
12012548.862796227
12012548.816739736
12012548.770943834
12012548.725406885
12012548.68012732
12012548.635103585
12012548.59033408
12012548.54581727
12012548.501551608
12012548.457535563
12012548.41376761
12012548.370246232
12012548.326969912
12012548.28393718
12012548.241146538
12012548.198596515
12012548.156285638
12012548.114212444
12012548.072375527
12012548.030773401
12012547.989404663
12012547.948267901
12012547.907361675
12012547.866684617
12012547.82623533
12012547.78601242
12012547.746014519
12012547.706240267
12012547.666688304
12012547.627357304
12012547.5882459
12012547.549352769
12012547.510676602
12012547.472216086
12012547.43396991
12012547.39593678
12012547.358115422
12012547.320504548
12012547.28310288
12012547.245909167
12012547.208922163
12012547.1721406
12012547.13556326
12012547.099188905
12012547.063016318
12012547.027044283
12012546.991271589
12012546.955697045
12012546.920319457
12012546.885137646
12012546.850150442
12012546.815356653
12012546.78075514
12012546.746344762
12012546.712124338
12012546.67809276
12012546.644248892
12012546.610591592
12012546.57711977
12012546.543832293
12012546.510728072
12012546.477806019
12012546.445065033
12012546.412504034
12012546.380121952
12012546.347917723
12012546.315890282
12012546.284038577
12012546.252361562
12012546.220858201
12012546.189527437
12012546.158368276
12012546.12737967
12012546.096560622
12012546.065910121
12012546.035427159
12012546.00511075
12012545.974959897
12012545.944973635
12012545.915150966
12012545.885490932
12012545.855992565
12012545.826654915
12012545.79747702
12012545.768457934
12012545.739596732
12012545.710892472
12012545.68234423
12012545.653951075
12012545.625712099
12012545.597626388
12012545.56969304
12012545.541911146
12012545.514279827
12012545.4867982
12012545.459465371
12012545.432280464
12012545.405242614
12012545.378350945
12012545.351604614
12012545.325002758
12012545.298544526
12012545.272229075
12012545.24605557
12012545.220023178
12012545.194131061
12012545.168378413
12012545.142764408
12012545.117288226
12012545.091949087
12012545.06674614
12012545.041678637
12012545.01674576
12012544.99194673
12012544.967280762
12012544.942747075
12012544.918344904
12012544.894073484
12012544.869932042
12012544.845919821
12012544.822036069
12012544.798280036
12012544.774650995
12012544.75114817
12012544.727770865
12012544.704518326
12012544.681389837
12012544.658384673
12012544.635502119
12012544.612741467
12012544.590101996
12012544.567583011
12012544.545183828
12012544.522903727
12012544.500742022
12012544.478698038
12012544.456771087
12012544.434960498
12012544.413265591
12012544.39168569
12012544.370220155
12012544.348868286
12012544.32762946
12012544.306503015
12012544.285488296
12012544.264584659
12012544.243791468
12012544.223108085
12012544.202533871
12012544.182068205
12012544.161710462
12012544.141460022
12012544.121316258
12012544.10127856
12012544.081346326
12012544.061518945
12012544.04179581
12012544.022176322
12012544.002659898
12012543.98324593
12012543.96393385
12012543.944723058
12012543.925612979
12012543.906603035
12012543.887692656
12012543.868881261
12012543.850168308
12012543.831553202
12012543.813035412
12012543.79461437
12012543.776289511
12012543.75806031
12012543.739926212
12012543.721886663
12012543.70394114
12012543.686089095
12012543.668330003
12012543.650663327
12012543.63308855
12012543.615605146
12012543.598212581
12012543.580910362
12012543.563697971
12012543.546574883
12012543.52954061
12012543.51259463
12012543.49573645
12012543.478965571
12012543.462281505
12012543.445683744
12012543.429171823
12012543.412745226
12012543.396403491
12012543.38014613
12012543.363972683
12012543.347882643
12012543.33187557
12012543.31595098
12012543.300108405
12012543.284347396
12012543.268667473
12012543.253068194
12012543.237549104
12012543.22210974
12012543.206749659
12012543.191468425
12012543.176265579
12012543.161140691
12012543.146093316
12012543.131123016
12012543.116229365
12012543.101411924
12012543.086670281
12012543.072003998
12012543.057412649
12012543.04289583
12012543.028453106
12012543.014084075
12012542.999788316
12012542.985565422
12012542.971414981
12012542.957336606
12012542.943329863
12012542.92939438
12012542.915529745
12012542.901735567
12012542.888011442
12012542.874356987
12012542.860771835
12012542.84725556
12012542.833807802
12012542.820428185
12012542.807116313
12012542.793871814
12012542.780694315
12012542.767583445
12012542.754538843
12012542.741560128
12012542.728646925
12012542.715798883
12012542.703015652
12012542.69029685
12012542.677642133
12012542.665051144
12012542.652523529
12012542.640058942
12012542.627657019
12012542.615317432
12012542.60303983
12012542.590823855
12012542.578669198
12012542.566575492
12012542.554542415
12012542.542569626
12012542.530656794
12012542.518803587
12012542.507009683
12012542.495274756
12012542.483598473
12012542.47198051
12012542.460420555
12012542.448918287
12012542.437473387
12012542.426085537
12012542.414754424
12012542.403479746
12012542.392261187
12012542.381098427
12012542.369991181
12012542.358939134
12012542.347941985
12012542.336999428
12012542.326111173
12012542.315276928
12012542.30449638
12012542.293769248
12012542.283095239
12012542.272474056
12012542.26190542
12012542.251389038
12012542.240924625
12012542.23051189
12012542.220150584
12012542.20984038
12012542.199581042
12012542.189372262
12012542.179213777
12012542.169105321
12012542.159046616
12012542.149037391
12012542.139077371
12012542.129166292
12012542.119303893
12012542.1094899
12012542.099724077
12012542.090006137
12012542.08033583
12012542.070712887
12012542.061137065
12012542.051608114
12012542.04212577
12012542.03268977
12012542.023299888
12012542.013955858
12012542.004657434
12012541.995404372
12012541.986196445
12012541.977033375
12012541.96791495
12012541.95884092
12012541.949811036
12012541.940825066
12012541.931882786
12012541.92298394
12012541.914128324
12012541.905315666
12012541.896545779
12012541.887818402
12012541.879133306
12012541.870490286
12012541.861889096
12012541.85332953
12012541.844811348
12012541.83633434
12012541.827898284
12012541.819502959
12012541.811148148
12012541.802833632
12012541.794559192
12012541.78632463
12012541.778129714
12012541.769974248
12012541.761858005
12012541.753780793
12012541.745742384
12012541.737742595
12012541.729781214
12012541.721858026
12012541.71397283
12012541.70612544
12012541.698315628
12012541.690543203
12012541.682807997
12012541.67510978
12012541.667448355
12012541.659823537
12012541.652235137
12012541.644682955
12012541.637166796
12012541.629686479
12012541.622241797
12012541.614832588
12012541.607458644
12012541.600119796
12012541.592815831
12012541.585546583
12012541.578311866
12012541.571111517
12012541.563945316
12012541.556813117
12012541.549714718
12012541.542649943
12012541.53561865
12012541.52862062
12012541.521655686
12012541.514723688
12012541.507824454
12012541.5009578
12012541.494123558
12012541.487321561
12012541.48055164
12012541.473813614
12012541.467107348
12012541.460432636
12012541.45378934
12012541.447177293
12012541.44059631
12012541.434046263
12012541.427526964
12012541.421038263
12012541.414580002
12012541.408152012
12012541.401754139
12012541.395386243
12012541.389048133
12012541.382739685
12012541.376460733
12012541.370211111
12012541.363990692
12012541.35779932
12012541.35163683
12012541.345503071
12012541.339397902
12012541.33332117
12012541.327272741
12012541.321252456
12012541.315260166
12012541.309295736
12012541.303359013
12012541.297449863
12012541.291568128
12012541.285713682
12012541.279886382
12012541.27408608
12012541.268312644
12012541.262565926
12012541.2568458
12012541.251152113
12012541.245484745
12012541.239843557
12012541.234228412
12012541.228639167
12012541.223075703
12012541.217537887
12012541.212025573
12012541.20653865
12012541.201076964
12012541.195640396
12012541.190228831
12012541.184842117
12012541.179480152
12012541.174142787
12012541.1688299
12012541.163541382
12012541.158277094
12012541.15303691
12012541.14782071
12012541.14262838
12012541.137459794
12012541.13231482
12012541.127193347
12012541.122095248
12012541.117020419
12012541.111968732
12012541.10694006
12012541.101934306
12012541.096951343
12012541.091991043
12012541.087053318
12012541.082138022
12012541.077245072
12012541.072374329
12012541.067525696
12012541.062699053
12012541.057894293
12012541.053111302
12012541.048349975
12012541.043610195
12012541.038891857
12012541.034194859
12012541.029519076
12012541.024864407
12012541.02023076
12012541.015618026
12012541.01102608
12012541.00645483
12012541.001904171
12012540.997374011
12012540.992864218
12012540.98837471
12012540.983905386
12012540.979456145
12012540.975026878
12012540.97061748
12012540.966227865
12012540.961857926
12012540.95750757
12012540.953176694
12012540.948865203
12012540.944572996
12012540.94029998
12012540.936046058
12012540.931811128
12012540.927595101
12012540.923397884
12012540.91921939
12012540.915059514
12012540.910918165
12012540.906795243
12012540.902690677
12012540.89860437
12012540.894536218
12012540.890486142
12012540.886454033
12012540.88243982
12012540.87844343
12012540.874464735
12012540.870503666
12012540.866560148
12012540.86263408
12012540.858725376
12012540.854833946
12012540.850959726
12012540.847102601
12012540.843262503
12012540.839439346
12012540.835633047
12012540.83184352
12012540.828070683
12012540.824314456
12012540.820574759
12012540.816851499
12012540.813144607
12012540.809453983
12012540.805779584
12012540.802121306
12012540.798479056
12012540.79485279
12012540.791242398
12012540.787647806
12012540.78406896
12012540.780505765
12012540.776958141
12012540.773426028
12012540.769909324
12012540.76640798
12012540.762921901
12012540.75945102
12012540.755995272
12012540.752554573
12012540.749128854
12012540.745718038
12012540.742322048
12012540.738940815
12012540.735574275
12012540.732222354
12012540.728884967
12012540.725562058
12012540.722253546
12012540.71895937
12012540.715679465
12012540.712413745
12012540.709162148
12012540.705924613
12012540.702701062
12012540.699491445
12012540.696295664
12012540.69311368
12012540.6899454
12012540.686790785
12012540.683649745
12012540.68052224
12012540.677408176
12012540.674307508
12012540.671220178
12012540.668146098
12012540.66508521
12012540.662037462
12012540.659002792
12012540.655981116
12012540.652972383
12012540.64997655
12012540.646993529
12012540.644023262
12012540.6410657
12012540.638120769
12012540.63518842
12012540.63226857
12012540.629361192
12012540.626466207
12012540.623583559
12012540.620713191
12012540.617855031
12012540.615009036
12012540.612175157
12012540.609353304
12012540.606543444
12012540.603745515
12012540.600959457
12012540.59818522
12012540.595422734
12012540.592671959
12012540.589932835
12012540.587205289
12012540.584489295
12012540.581784775
12012540.579091687
12012540.576409971
12012540.573739573
12012540.571080443
12012540.568432527
12012540.565795768
12012540.56317012
12012540.560555529
12012540.557951927
12012540.55535927
12012540.55277754
12012540.550206637
12012540.547646528
12012540.545097165
12012540.542558497
12012540.540030474
12012540.537513042
12012540.535006143
12012540.53250975
12012540.530023806
12012540.527548244
12012540.525083026
12012540.522628114
12012540.520183451
12012540.517748985
12012540.515324669
12012540.512910465
12012540.510506315
12012540.508112181
12012540.505728006
12012540.50335375
12012540.500989359
12012540.4986348
12012540.49629002
12012540.493954962
12012540.491629614
12012540.489313891
12012540.487007763
12012540.484711198
12012540.482424146
12012540.480146546
12012540.477878371
12012540.47561957
12012540.473370092
12012540.47112992
12012540.468898993
12012540.466677263
12012540.464464698
12012540.462261248
12012540.460066868
12012540.457881534
12012540.455705173
12012540.453537771
12012540.451379288
12012540.449229665
12012540.44708887
12012540.444956854
12012540.442833591
12012540.440719033
12012540.438613132
12012540.436515868
12012540.434427181
12012540.432347042
12012540.430275407
12012540.428212237
12012540.426157491
12012540.424111143
12012540.42207315
12012540.420043461
12012540.418022051
12012540.416008871
12012540.414003905
12012540.412007086
12012540.410018397
12012540.408037795
12012540.406065237
12012540.40410069
12012540.402144127
12012540.400195502
12012540.398254788
12012540.396321923
12012540.394396905
12012540.392479679
12012540.39057021
12012540.388668468
12012540.38677442
12012540.384888027
12012540.383009247
12012540.381138055
12012540.37927441
12012540.377418293
12012540.375569655
12012540.373728454
12012540.371894686
12012540.370068287
12012540.368249245
12012540.366437504
12012540.364633057
12012540.362835864
12012540.361045875
12012540.359263068
12012540.357487418
12012540.355718885
12012540.353957443
12012540.352203049
12012540.35045569
12012540.34871531
12012540.3469819
12012540.345255407
12012540.343535818
12012540.341823097
12012540.340117205
12012540.338418122
12012540.336725824
12012540.335040253
12012540.333361402
12012540.331689242
12012540.330023726
12012540.328364834
12012540.326712545
12012540.32506682
12012540.32342763
12012540.321794946
12012540.320168732
12012540.318548968
12012540.316935636
12012540.31532868
12012540.313728098
12012540.312133845
12012540.310545899
12012540.308964228
12012540.307388822
12012540.305819627
12012540.30425663
12012540.302699795
12012540.301149111
12012540.299604533
12012540.298066046
12012540.29653361
12012540.295007208
12012540.293486815
12012540.291972399
12012540.290463941
12012540.288961409
12012540.28746476
12012540.285974
12012540.28448909
12012540.283010002
12012540.2815367
12012540.280069176
12012540.278607395
12012540.277151342
12012540.275700975
12012540.274256287
12012540.272817235
12012540.27138382
12012540.269955985
12012540.26853373
12012540.267117016
12012540.265705833
12012540.264300138
12012540.262899933
12012540.261505164
12012540.260115823
12012540.258731889
12012540.257353343
12012540.25598014
12012540.254612274
12012540.253249723
12012540.25189245
12012540.250540452
12012540.249193683
12012540.247852135
12012540.246515783
12012540.245184598
12012540.243858568
12012540.242537672
12012540.241221866
12012540.239911154
12012540.238605505
12012540.237304892
12012540.236009292
12012540.234718692
12012540.23343306
12012540.232152382
12012540.23087665
12012540.229605813
12012540.228339873
12012540.227078794
12012540.22582256
12012540.22457116
12012540.223324556
12012540.222082743
12012540.220845696
12012540.21961339
12012540.218385795
12012540.217162916
12012540.215944713
12012540.214731181
12012540.21352228
12012540.212318005
12012540.211118337
12012540.209923243
12012540.208732715
12012540.20754674
12012540.206365285
12012540.205188327
12012540.204015862
12012540.202847868
12012540.201684315
12012540.200525187
12012540.19937047
12012540.198220152
12012540.197074197
12012540.1959326
12012540.194795338
12012540.1936624
12012540.19253374
12012540.191409372
12012540.190289265
12012540.189173406
12012540.18806177
12012540.186954342
12012540.185851092
12012540.184752032
12012540.183657119
12012540.182566345
12012540.181479683
12012540.180397132
12012540.179318666
12012540.178244261
12012540.177173905
12012540.176107591
12012540.17504529
12012540.17398698
12012540.172932664
12012540.17188231
12012540.170835914
12012540.169793444
12012540.168754878
12012540.167720228
12012540.166689448
12012540.165662546
12012540.164639477
12012540.163620263
12012540.16260485
12012540.161593264
12012540.160585446
12012540.1595814
12012540.158581113
12012540.157584563