30 60
-590.0 -100.0 0.0
-570.0 -100.0 2.940016535258019e-09
-550.0 -100.0 1.1482780692953546e-07
-530.0 -100.0 3.470369795101108e-07
-510.0 -100.0 4.6123307403399736e-08
-490.0 -100.0 1.2765450764745682e-06
-470.0 -100.0 1.1128509670092922e-06
-450.0 -100.0 1.9171108618768334e-05
-430.0 -100.0 7.524184195698088e-06
-410.0 -100.0 2.3591057254331535e-06
-390.0 -100.0 2.084900972423581e-06
-370.0 -100.0 1.0024370785457378e-06
-350.0 -100.0 4.0410726795096185e-07
-330.0 -100.0 4.7181178781888076e-07
-310.0 -100.0 4.088305026291738e-08
-290.0 -100.0 1.9112403626247651e-07
-270.0 -100.0 1.0430469489972734e-10
-250.0 -100.0 6.501004900488975e-08
-230.0 -100.0 2.887142633224684e-09
-210.0 -100.0 1.8319826813564878e-08
-190.0 -100.0 3.6001222012384714e-09
-170.0 -100.0 4.195086417348886e-09
-150.0 -100.0 2.137424924396692e-09
-130.0 -100.0 8.254031640316537e-10
-110.0 -100.0 9.221240623937285e-10
-90.0 -100.0 2.367711803322787e-10
-70.0 -100.0 3.8363066280689083e-10
-50.0 -100.0 2.5642822860504477e-10
-30.0 -100.0 3.1605645734344297e-10
-10.0 -100.0 6.253297357059613e-10
10.0 -100.0 8.758865147052334e-10
30.0 -100.0 1.4326938980844792e-09
50.0 -100.0 3.855085191662015e-09
70.0 -100.0 2.2093807517692896e-09
90.0 -100.0 1.554286932914364e-08
110.0 -100.0 1.3110374455114885e-09
130.0 -100.0 5.23793798800751e-08
150.0 -100.0 5.044641576465528e-10
170.0 -100.0 1.5289981136305368e-07
190.0 -100.0 2.3751182778862217e-08
210.0 -100.0 4.7035060915761257e-07
230.0 -100.0 6.737294137219448e-08
250.0 -100.0 2.654012308529237e-06
270.0 -100.0 3.067168792845838e-06
290.0 -100.0 4.640794013375907e-07
310.0 -100.0 2.542777286438897e-07
330.0 -100.0 3.6994280548156894e-07
350.0 -100.0 2.9523669011049552e-08
370.0 -100.0 1.3405425103294252e-07
390.0 -100.0 8.386985304961907e-09
410.0 -100.0 2.7069545765733227e-08
430.0 -100.0 4.346705203011162e-09
450.0 -100.0 4.378357977436011e-10
470.0 -100.0 1.171912609410679e-08
490.0 -100.0 5.385925381777212e-10
510.0 -100.0 7.733717873014704e-09
530.0 -100.0 4.187090389958076e-09
550.0 -100.0 9.600463150252147e-11
570.0 -100.0 1.2428289116231265e-11
590.0 -100.0 6.606148140196795e-13

-580.0 -120.0 1.112717290862731e-06
-560.0 -120.0 1.2047502396854827e-06
-540.0 -120.0 4.502862443855076e-06
-520.0 -120.0 1.7857107255124384e-06
-500.0 -120.0 5.526957929347329e-07
-480.0 -120.0 9.83608425222238e-07
-460.0 -120.0 9.664924414041958e-08
-440.0 -120.0 4.2130529349739784e-07
-420.0 -120.0 1.5950874127223527e-07
-400.0 -120.0 1.787977504912708e-07
-380.0 -120.0 2.3835003004690619e-07
-360.0 -120.0 1.802954254342726e-08
-340.0 -120.0 1.8008955587808382e-07
-320.0 -120.0 8.283607774823688e-09
-300.0 -120.0 5.159076504861824e-08
-280.0 -120.0 1.8368314666615674e-08
-260.0 -120.0 5.670617456849303e-09
-240.0 -120.0 1.091725061897158e-08
-220.0 -120.0 2.6919065976560656e-10
-200.0 -120.0 1.516133636397211e-09
-180.0 -120.0 9.169103464935945e-10
-160.0 -120.0 1.467617688113079e-10
-140.0 -120.0 2.4413663088251605e-09
-120.0 -120.0 1.2914500970448765e-09
-100.0 -120.0 6.010353782813287e-10
-80.0 -120.0 2.035124117259589e-09
-60.0 -120.0 4.747675950777606e-10
-40.0 -120.0 5.9144157825137305e-09
-20.0 -120.0 4.697980915259237e-10
0.0 -120.0 4.077850546655949e-09
20.0 -120.0 2.0327292064313396e-09
40.0 -120.0 2.3782386905409116e-09
60.0 -120.0 6.0461640645162374e-09
80.0 -120.0 1.3650486661426106e-10
100.0 -120.0 1.6491687802892468e-09
120.0 -120.0 4.916337628559482e-10
140.0 -120.0 1.792641445445275e-10
160.0 -120.0 4.631591753412968e-09
180.0 -120.0 1.7754137679084281e-09
200.0 -120.0 4.305815533114196e-08
220.0 -120.0 1.2129615375794464e-07
240.0 -120.0 2.2136633654950052e-08
260.0 -120.0 6.901215735627928e-07
280.0 -120.0 1.2200422168903983e-07
300.0 -120.0 1.4748505834985541e-06
320.0 -120.0 1.7822836525255889e-06
340.0 -120.0 1.3534534855007305e-06
360.0 -120.0 6.353926180328712e-06
380.0 -120.0 4.3794017813240695e-07
400.0 -120.0 1.389505844443485e-05
420.0 -120.0 9.155461994639512e-09
440.0 -120.0 3.30773745011446e-05
460.0 -120.0 2.2771488981818697e-07
480.0 -120.0 0.00010894879191436364
500.0 -120.0 6.002595207854515e-07
520.0 -120.0 0.0006008142218521932
540.0 -120.0 0.0013492653323592134
560.0 -120.0 0.0005384043525717137
580.0 -120.0 0.00010678745639950173

-590.0 -140.0 3.5682751248817456e-08
-570.0 -140.0 7.836833165485677e-06
-550.0 -140.0 7.461889411658627e-07
-530.0 -140.0 5.264277987039832e-07
-510.0 -140.0 9.529125130384678e-10
-490.0 -140.0 1.1294120329999938e-07
-470.0 -140.0 6.593528499548818e-09
-450.0 -140.0 1.5630936103542687e-07
-430.0 -140.0 1.692816539465607e-07
-410.0 -140.0 1.0399253890586267e-08
-390.0 -140.0 1.0081817939372141e-07
-370.0 -140.0 4.269325188533118e-08
-350.0 -140.0 4.956939049710009e-07
-330.0 -140.0 1.9271138327031804e-07
-310.0 -140.0 2.1900938093954045e-08
-290.0 -140.0 9.701193528225067e-08
-270.0 -140.0 4.298748386417433e-09
-250.0 -140.0 1.751142912863266e-08
-230.0 -140.0 1.585940007080212e-08
-210.0 -140.0 7.874460210614826e-09
-190.0 -140.0 2.012309199096927e-08
-170.0 -140.0 7.452756815000041e-08
-150.0 -140.0 1.9064205343928714e-07
-130.0 -140.0 2.7170268046997344e-07
-110.0 -140.0 1.8301489962646396e-07
-90.0 -140.0 6.630948846723049e-08
-70.0 -140.0 3.535393221956116e-08
-50.0 -140.0 4.2553254338508405e-08
-30.0 -140.0 2.197416198291482e-08
-10.0 -140.0 3.2569338306048607e-10
10.0 -140.0 1.6426187470305125e-08
30.0 -140.0 4.491514927785093e-09
50.0 -140.0 1.1912466740431127e-08
70.0 -140.0 9.310973106621414e-08
90.0 -140.0 1.369730557831505e-07
110.0 -140.0 2.8093038939856893e-08
130.0 -140.0 9.755503258937435e-09
150.0 -140.0 1.5267640619321271e-09
170.0 -140.0 8.256432572140343e-08
190.0 -140.0 1.1444040834739105e-07
210.0 -140.0 3.7068992251117317e-09
230.0 -140.0 1.0528099650873712e-07
250.0 -140.0 2.992688561500032e-09
270.0 -140.0 1.7660247887820853e-08
290.0 -140.0 1.3971193973660446e-07
310.0 -140.0 2.2088353875346267e-07
330.0 -140.0 1.9743608732806105e-06
350.0 -140.0 3.970567687639946e-06
370.0 -140.0 2.662849696349123e-05
390.0 -140.0 2.453649954533868e-07
410.0 -140.0 1.9877982532560057e-06
430.0 -140.0 5.006890158668894e-06
450.0 -140.0 2.1815306394477095e-06
470.0 -140.0 3.1801351892789376e-06
490.0 -140.0 1.0306148760112145e-05
510.0 -140.0 5.289048517633728e-06
530.0 -140.0 9.082300774867434e-05
550.0 -140.0 4.8609303663310204e-05
570.0 -140.0 1.4483689841622793e-07
590.0 -140.0 9.210600796794626e-05

-580.0 -160.0 2.662839199440639e-06
-560.0 -160.0 4.560005054400589e-06
-540.0 -160.0 7.57567000539803e-08
-520.0 -160.0 3.4955177324413065e-06
-500.0 -160.0 1.570415800473696e-06
-480.0 -160.0 9.46238697858277e-09
-460.0 -160.0 6.33081376306611e-07
-440.0 -160.0 3.4901073847650823e-07
-420.0 -160.0 1.9542381367329791e-07
-400.0 -160.0 2.5036292840531293e-06
-380.0 -160.0 3.739607301231498e-06
-360.0 -160.0 2.162954623937675e-06
-340.0 -160.0 5.865173235430011e-07
-320.0 -160.0 3.767642461244535e-08
-300.0 -160.0 1.7253658916429298e-08
-280.0 -160.0 3.35340436632558e-08
-260.0 -160.0 8.304314381665261e-09
-240.0 -160.0 1.3740027784464646e-09
-220.0 -160.0 8.1409785097325e-08
-200.0 -160.0 5.85657026647275e-07
-180.0 -160.0 1.8980242877913104e-06
-160.0 -160.0 3.678524498523505e-06
-140.0 -160.0 5.0463901678669536e-06
-120.0 -160.0 5.223476532356547e-06
-100.0 -160.0 4.076828140302761e-06
-80.0 -160.0 2.3412679075780903e-06
-60.0 -160.0 8.665168626977706e-07
-40.0 -160.0 1.572550522447643e-07
-20.0 -160.0 6.625133941787193e-09
0.0 -160.0 3.935003287384534e-09
20.0 -160.0 2.0520305048276923e-08
40.0 -160.0 2.4704051254098792e-09
60.0 -160.0 2.1913150104632423e-07
80.0 -160.0 1.5626399212289856e-06
100.0 -160.0 2.635793610096857e-06
120.0 -160.0 1.5391410320452138e-06
140.0 -160.0 3.161446595480736e-07
160.0 -160.0 6.5140701480684634e-09
180.0 -160.0 1.8061929937475427e-08
200.0 -160.0 2.2655998674611622e-08
220.0 -160.0 1.371229762755062e-07
240.0 -160.0 1.2078550368397711e-08
260.0 -160.0 2.2609592962225038e-07
280.0 -160.0 4.061207534409756e-07
300.0 -160.0 3.217744222376087e-08
320.0 -160.0 1.7833149315612397e-08
340.0 -160.0 3.855758385180142e-08
360.0 -160.0 3.0205072328172513e-07
380.0 -160.0 2.4165923103592568e-08
400.0 -160.0 9.204180174585053e-07
420.0 -160.0 4.1011035041442425e-06
440.0 -160.0 2.8427174407822918e-05
460.0 -160.0 1.9507851730166827e-06
480.0 -160.0 1.4071204857431643e-05
500.0 -160.0 1.4982324637216121e-05
520.0 -160.0 0.0006069256648131534
540.0 -160.0 0.0007108469261420072
560.0 -160.0 1.543206617990624e-06
580.0 -160.0 0.0015221489282293006

-590.0 -180.0 2.0346747841238182e-08
-570.0 -180.0 8.3891865323324e-06
-550.0 -180.0 2.15671177044546e-06
-530.0 -180.0 2.692015561846603e-06
-510.0 -180.0 9.504312623623817e-06
-490.0 -180.0 4.187041221750641e-06
-470.0 -180.0 4.213607928248314e-07
-450.0 -180.0 2.687458674438244e-06
-430.0 -180.0 6.703373648691315e-06
-410.0 -180.0 7.022859407941904e-06
-390.0 -180.0 3.77665684333865e-05
-370.0 -180.0 1.940459610787446e-05
-350.0 -180.0 1.038449540682904e-06
-330.0 -180.0 2.0124199553532675e-08
-310.0 -180.0 6.900122992527127e-08
-290.0 -180.0 8.366795640100341e-08
-270.0 -180.0 5.578469970643794e-08
-250.0 -180.0 1.9912902411749495e-07
-230.0 -180.0 2.882589421664653e-09
-210.0 -180.0 1.2849632680732899e-06
-190.0 -180.0 6.416106789105522e-06
-170.0 -180.0 1.435439170804156e-05
-150.0 -180.0 2.0509438137048577e-05
-130.0 -180.0 2.3068667466738605e-05
-110.0 -180.0 2.2305571037592328e-05
-90.0 -180.0 1.715274975013191e-05
-70.0 -180.0 8.053992047700451e-06
-50.0 -180.0 1.4981371715768222e-06
-30.0 -180.0 4.3201964721976395e-08
-10.0 -180.0 2.0458778160405984e-09
10.0 -180.0 1.0525126349217965e-09
30.0 -180.0 4.3431476261467053e-08
50.0 -180.0 5.42519144175103e-11
70.0 -180.0 1.6409396255343648e-06
90.0 -180.0 8.344329317763246e-06
110.0 -180.0 1.3583491483268612e-05
130.0 -180.0 6.582580766900577e-06
150.0 -180.0 2.086793437942312e-06
170.0 -180.0 7.652351056867916e-06
190.0 -180.0 2.6511078799917385e-07
210.0 -180.0 8.59576100131001e-06
230.0 -180.0 3.1514503345785035e-06
250.0 -180.0 4.677003050797881e-06
270.0 -180.0 3.8598519339941714e-08
290.0 -180.0 6.134669382721618e-06
310.0 -180.0 8.453625645957698e-06
330.0 -180.0 1.752985246120436e-07
350.0 -180.0 5.218123421058417e-06
370.0 -180.0 1.8393090644572796e-07
390.0 -180.0 1.957467135135588e-06
410.0 -180.0 1.1723782723037896e-06
430.0 -180.0 3.6732501248302473e-06
450.0 -180.0 4.334888712120846e-06
470.0 -180.0 6.82011454496321e-06
490.0 -180.0 0.00029457130084271243
510.0 -180.0 0.0005915652796355827
530.0 -180.0 0.0007762126429536102
550.0 -180.0 0.0018424841379704583
570.0 -180.0 0.0030606310404950746
590.0 -180.0 0.00036474477853390495

-580.0 -200.0 7.652492005361387e-07
-560.0 -200.0 4.365301899496659e-06
-540.0 -200.0 1.3110956264388152e-06
-520.0 -200.0 9.950643055210006e-06
-500.0 -200.0 5.942678514716822e-06
-480.0 -200.0 3.068969114709254e-07
-460.0 -200.0 1.365964323331096e-06
-440.0 -200.0 3.4817959909151784e-06
-420.0 -200.0 3.656086460877165e-08
-400.0 -200.0 2.2899034265575327e-05
-380.0 -200.0 3.6365760412918805e-05
-360.0 -200.0 2.0475241801088115e-06
-340.0 -200.0 4.930736781263808e-07
-320.0 -200.0 1.1808280078079072e-07
-300.0 -200.0 1.382549564479483e-09
-280.0 -200.0 6.53769857102766e-07
-260.0 -200.0 1.0186553512780578e-06
-240.0 -200.0 1.059280159743063e-06
-220.0 -200.0 1.3568597636684288e-06
-200.0 -200.0 7.104091632286768e-10
-180.0 -200.0 1.635420192734146e-05
-160.0 -200.0 2.4248340678245558e-05
-140.0 -200.0 2.046826998086729e-05
-120.0 -200.0 1.835658457166423e-05
-100.0 -200.0 1.705741491273628e-05
-80.0 -200.0 1.3454041232509276e-05
-60.0 -200.0 7.013522910427013e-06
-40.0 -200.0 1.6086519863127572e-07
-20.0 -200.0 4.411334056338007e-08
0.0 -200.0 1.441937016576888e-07
20.0 -200.0 2.791974707708985e-09
40.0 -200.0 2.1367716679246294e-07
60.0 -200.0 6.446357160935775e-08
80.0 -200.0 2.1762886487974363e-06
100.0 -200.0 4.159251851439334e-08
120.0 -200.0 4.597691089205195e-05
140.0 -200.0 1.13037742406601e-06
160.0 -200.0 5.777564090858526e-06
180.0 -200.0 4.728127559112151e-09
200.0 -200.0 8.588360858813444e-10
220.0 -200.0 8.128551890785067e-06
240.0 -200.0 2.6348615523782975e-06
260.0 -200.0 4.431791140842372e-08
280.0 -200.0 1.5992712592038642e-06
300.0 -200.0 1.7557532080550701e-06
320.0 -200.0 9.570985104373405e-06
340.0 -200.0 1.5595948566419735e-07
360.0 -200.0 2.0023333797286494e-05
380.0 -200.0 7.762568767174739e-07
400.0 -200.0 3.391559999850687e-07
420.0 -200.0 3.1291480534532706e-06
440.0 -200.0 2.6366204488819103e-06
460.0 -200.0 1.1617814393955546e-05
480.0 -200.0 8.269065686071153e-05
500.0 -200.0 0.00035938016715981276
520.0 -200.0 0.0010646021775674863
540.0 -200.0 0.0015553832047990328
560.0 -200.0 0.00166871188347996
580.0 -200.0 0.0029329705199949555

-590.0 -220.0 3.1941534548564916e-09
-570.0 -220.0 1.4033380227329101e-06
-550.0 -220.0 3.976369970588597e-07
-530.0 -220.0 9.678130664187085e-07
-510.0 -220.0 4.1689578180861193e-07
-490.0 -220.0 3.2353700555009635e-06
-470.0 -220.0 1.6189990310296516e-08
-450.0 -220.0 7.336951109044296e-06
-430.0 -220.0 5.844566321955389e-06
-410.0 -220.0 1.5665905638116205e-06
-390.0 -220.0 3.019118608974526e-06
-370.0 -220.0 2.614108547896265e-06
-350.0 -220.0 1.80211130736863e-07
-330.0 -220.0 2.319440822409533e-05
-310.0 -220.0 8.562647208210467e-06
-290.0 -220.0 8.17032909422021e-08
-270.0 -220.0 3.3857316898586057e-06
-250.0 -220.0 4.96096173360422e-06
-230.0 -220.0 2.5401175181299695e-09
-210.0 -220.0 1.3487441621800614e-06
-190.0 -220.0 1.7315716518149222e-06
-170.0 -220.0 4.1150201281263657e-07
-150.0 -220.0 1.1974385563765124e-08
-130.0 -220.0 9.700429378111539e-06
-110.0 -220.0 5.653526046208939e-06
-90.0 -220.0 1.4810522993828387e-06
-70.0 -220.0 8.245207756626017e-06
-50.0 -220.0 9.050637095361548e-06
-30.0 -220.0 6.558466875595034e-06
-10.0 -220.0 1.3832204306074737e-09
10.0 -220.0 1.717426513981009e-07
30.0 -220.0 2.407442872008244e-08
50.0 -220.0 1.4728948982096528e-06
70.0 -220.0 2.3165601204534066e-05
90.0 -220.0 0.00013546476292128234
110.0 -220.0 2.314484700135185e-06
130.0 -220.0 6.3826226827043075e-06
150.0 -220.0 6.773580345209531e-07
170.0 -220.0 8.596489142190057e-06
190.0 -220.0 6.315134542605946e-07
210.0 -220.0 1.8900491042238787e-05
230.0 -220.0 5.604640055583487e-06
250.0 -220.0 3.781287155165419e-05
270.0 -220.0 1.1778195115536626e-06
290.0 -220.0 2.085130620029764e-05
310.0 -220.0 4.283601649838327e-05
330.0 -220.0 1.0639598302885455e-05
350.0 -220.0 4.6218365311779956e-07
370.0 -220.0 1.7720127566459635e-06
390.0 -220.0 1.7762304833848178e-06
410.0 -220.0 2.9447492934858064e-07
430.0 -220.0 6.336609199195018e-09
450.0 -220.0 1.9742954862335118e-07
470.0 -220.0 6.0102869008382875e-06
490.0 -220.0 2.639271398932377e-05
510.0 -220.0 5.19742888562808e-05
530.0 -220.0 0.0001163007123410729
550.0 -220.0 0.00035481224104310917
570.0 -220.0 0.00038518511866411745
590.0 -220.0 4.81524383188336e-05

-580.0 -240.0 1.905529347041573e-09
-560.0 -240.0 8.961578471352058e-07
-540.0 -240.0 1.0031671850122e-06
-520.0 -240.0 1.4293992199400673e-06
-500.0 -240.0 1.4079785746871363e-05
-480.0 -240.0 7.927299977198259e-06
-460.0 -240.0 8.724820376810448e-06
-440.0 -240.0 4.4107328990128444e-05
-420.0 -240.0 1.204341325453374e-06
-400.0 -240.0 7.13785183010733e-05
-380.0 -240.0 5.363195972599943e-06
-360.0 -240.0 5.097095102612359e-06
-340.0 -240.0 1.4190037414266114e-05
-320.0 -240.0 1.9226494215436518e-05
-300.0 -240.0 1.2207897921188282e-05
-280.0 -240.0 2.337713463824471e-07
-260.0 -240.0 8.765622070697174e-06
-240.0 -240.0 1.0601297715594286e-05
-220.0 -240.0 2.040144834757391e-06
-200.0 -240.0 1.8226661677659066e-06
-180.0 -240.0 3.764140182524807e-06
-160.0 -240.0 1.1642736773748194e-06
-140.0 -240.0 0.00014393092949551125
-120.0 -240.0 2.402432094733892e-07
-100.0 -240.0 3.097779244496477e-06
-80.0 -240.0 1.3065247293980328e-05
-60.0 -240.0 3.638298621062344e-05
-40.0 -240.0 1.4678037691964605e-05
-20.0 -240.0 1.4227479862669835e-06
0.0 -240.0 6.854518720054453e-07
20.0 -240.0 2.8752635796234484e-07
40.0 -240.0 3.954112826948224e-05
60.0 -240.0 7.278447827810049e-05
80.0 -240.0 5.186650027123693e-05
100.0 -240.0 4.4520944441607386e-05
120.0 -240.0 0.0001523655844482882
140.0 -240.0 1.425989293379876e-05
160.0 -240.0 2.3192268027473667e-05
180.0 -240.0 1.4408049120694337e-06
200.0 -240.0 8.023720291203136e-06
220.0 -240.0 1.1071057297135389e-07
240.0 -240.0 3.166739997536959e-07
260.0 -240.0 1.1369982107367972e-05
280.0 -240.0 6.813185666736303e-06
300.0 -240.0 2.2320255265293538e-07
320.0 -240.0 4.2358706600958724e-05
340.0 -240.0 9.98895463678035e-06
360.0 -240.0 1.06745482651005e-05
380.0 -240.0 3.153242752979316e-05
400.0 -240.0 3.990293368086905e-06
420.0 -240.0 1.5121910895328491e-05
440.0 -240.0 1.461491288026025e-07
460.0 -240.0 1.1664056679539822e-05
480.0 -240.0 2.5159298046579862e-05
500.0 -240.0 3.201815228108857e-05
520.0 -240.0 4.379277464004534e-05
540.0 -240.0 6.854720399707274e-05
560.0 -240.0 0.00019446679023920777
580.0 -240.0 0.00012560957175999246

-590.0 -260.0 9.609975001313368e-09
-570.0 -260.0 9.703100920313356e-07
-550.0 -260.0 5.01269492307001e-06
-530.0 -260.0 4.363183563448106e-06
-510.0 -260.0 2.631891316940804e-06
-490.0 -260.0 4.037719642837358e-06
-470.0 -260.0 3.119317505328329e-06
-450.0 -260.0 1.0421075226116883e-05
-430.0 -260.0 3.816985139778378e-05
-410.0 -260.0 3.4852282906023417e-06
-390.0 -260.0 5.100865098486177e-06
-370.0 -260.0 2.0437956382476676e-05
-350.0 -260.0 2.082404201561855e-05
-330.0 -260.0 1.5617415641129171e-06
-310.0 -260.0 1.2762131693849835e-05
-290.0 -260.0 4.428924367749949e-05
-270.0 -260.0 6.363159703115008e-06
-250.0 -260.0 1.0912137896656411e-05
-230.0 -260.0 1.6163492406708487e-05
-210.0 -260.0 6.064223184925911e-08
-190.0 -260.0 4.403131969422485e-05
-170.0 -260.0 3.248297111899696e-05
-150.0 -260.0 0.00013179016132964095
-130.0 -260.0 2.153329489806091e-05
-110.0 -260.0 8.913803160957786e-05
-90.0 -260.0 9.346536563793295e-06
-70.0 -260.0 1.9783381015714496e-05
-50.0 -260.0 3.7702046755310283e-06
-30.0 -260.0 4.652696410547622e-06
-10.0 -260.0 3.441810587028385e-07
10.0 -260.0 3.6551968109033406e-06
30.0 -260.0 9.746123147907795e-08
50.0 -260.0 3.9173012102575783e-05
70.0 -260.0 0.0011310500138844526
90.0 -260.0 3.190154533858891e-05
110.0 -260.0 6.171152143399314e-06
130.0 -260.0 4.4113282528510064e-05
150.0 -260.0 5.326472849378354e-05
170.0 -260.0 2.710661466545723e-07
190.0 -260.0 2.525642324094238e-05
210.0 -260.0 9.728955095941813e-07
230.0 -260.0 2.288599611011413e-05
250.0 -260.0 8.321164143282942e-06
270.0 -260.0 3.723053719629383e-05
290.0 -260.0 9.156715669681641e-05
310.0 -260.0 1.9527312493517395e-06
330.0 -260.0 3.0343748101242665e-06
350.0 -260.0 7.059702124604468e-06
370.0 -260.0 9.442003106764509e-06
390.0 -260.0 1.4938449319173179e-06
410.0 -260.0 8.827890617634231e-06
430.0 -260.0 2.5625479020575846e-06
450.0 -260.0 1.2545271874916171e-06
470.0 -260.0 2.4498179865924835e-06
490.0 -260.0 9.441586655828562e-06
510.0 -260.0 2.437639461243282e-05
530.0 -260.0 0.00010208699738950257
550.0 -260.0 0.00019151468702107325
570.0 -260.0 0.00027528815859445256
590.0 -260.0 2.097998067181888e-05

-580.0 -280.0 2.043800675650358e-06
-560.0 -280.0 5.261842129807439e-07
-540.0 -280.0 1.6351372611887837e-05
-520.0 -280.0 7.540302907381165e-08
-500.0 -280.0 6.638064216177749e-05
-480.0 -280.0 3.802450441070788e-05
-460.0 -280.0 0.00016201453428095754
-440.0 -280.0 1.3814955484582235e-07
-420.0 -280.0 4.691682741240386e-06
-400.0 -280.0 4.691845682604163e-07
-380.0 -280.0 4.614735725639624e-07
-360.0 -280.0 2.2289475663069642e-06
-340.0 -280.0 6.130546428761476e-07
-320.0 -280.0 2.9355177853237777e-09
-300.0 -280.0 1.2998118239094085e-05
-280.0 -280.0 1.979808194860179e-06
-260.0 -280.0 1.089771937048564e-05
-240.0 -280.0 9.952780727137575e-07
-220.0 -280.0 2.957065220618326e-05
-200.0 -280.0 6.868969882071771e-06
-180.0 -280.0 9.789174986453023e-05
-160.0 -280.0 0.00010481667024480054
-140.0 -280.0 6.383604028861929e-08
-120.0 -280.0 1.6505425821113723e-05
-100.0 -280.0 8.966875689696297e-06
-80.0 -280.0 1.231971327792163e-06
-60.0 -280.0 1.4467635914590848e-05
-40.0 -280.0 4.327468885374563e-05
-20.0 -280.0 6.477516793096854e-06
0.0 -280.0 1.448345215289116e-06
20.0 -280.0 3.926017047938438e-06
40.0 -280.0 0.0003576182917448071
60.0 -280.0 0.0006277788933214814
80.0 -280.0 0.00012106292739966854
100.0 -280.0 4.399637950243741e-05
120.0 -280.0 0.00012242289184230702
140.0 -280.0 8.033037013122032e-05
160.0 -280.0 1.5076350297244454e-05
180.0 -280.0 1.5838427441604973e-06
200.0 -280.0 2.008724615363853e-06
220.0 -280.0 4.195524882301448e-07
240.0 -280.0 2.460875477746809e-07
260.0 -280.0 1.0105624005876038e-06
280.0 -280.0 1.6749827781084207e-06
300.0 -280.0 3.3333569527178437e-05
320.0 -280.0 0.0002250009246924891
340.0 -280.0 0.00021067929763615327
360.0 -280.0 6.539979492970379e-06
380.0 -280.0 2.601879180236061e-05
400.0 -280.0 1.8426545519648154e-05
420.0 -280.0 2.6861922298062872e-05
440.0 -280.0 3.3788832253468096e-05
460.0 -280.0 2.737506617463321e-05
480.0 -280.0 4.1156572614189765e-05
500.0 -280.0 4.814638003929843e-06
520.0 -280.0 8.393132045451668e-06
540.0 -280.0 2.001665004492175e-05
560.0 -280.0 9.311493600598474e-07
580.0 -280.0 2.0274492796059042e-05

-590.0 -300.0 7.933700578816641e-09
-570.0 -300.0 5.364581263637833e-06
-550.0 -300.0 1.6947050720902956e-06
-530.0 -300.0 3.101493374894724e-06
-510.0 -300.0 1.0794612934478895e-06
-490.0 -300.0 0.00015194908225334445
-470.0 -300.0 3.736489302914997e-05
-450.0 -300.0 1.9638421215223935e-05
-430.0 -300.0 7.049019100795234e-08
-410.0 -300.0 1.991107377182392e-09
-390.0 -300.0 6.996601968191869e-07
-370.0 -300.0 2.6650682237169225e-05
-350.0 -300.0 1.6178952451993688e-05
-330.0 -300.0 4.794090353602154e-05
-310.0 -300.0 9.203754024553746e-06
-290.0 -300.0 4.876303893118595e-05
-270.0 -300.0 2.9984498511695972e-06
-250.0 -300.0 1.4155606566636978e-05
-230.0 -300.0 9.507379493487777e-06
-210.0 -300.0 5.714371507539627e-06
-190.0 -300.0 4.4329424585231254e-05
-170.0 -300.0 5.163788360073675e-05
-150.0 -300.0 2.95644357538003e-06
-130.0 -300.0 7.669945330872646e-07
-110.0 -300.0 7.880710458100266e-06
-90.0 -300.0 8.158722622141892e-07
-70.0 -300.0 2.5685969204249887e-06
-50.0 -300.0 8.222540083030927e-06
-30.0 -300.0 9.332319530682493e-06
-10.0 -300.0 9.296971713213935e-06
10.0 -300.0 9.548066402409256e-06
30.0 -300.0 2.85146940624228e-05
50.0 -300.0 0.00030079439081829256
70.0 -300.0 0.002811631450610484
90.0 -300.0 0.00017444323352220335
110.0 -300.0 2.4138528625898668e-05
130.0 -300.0 9.873154219480528e-05
150.0 -300.0 0.00019263515397088934
170.0 -300.0 1.223325994091102e-05
190.0 -300.0 1.394379610548424e-05
210.0 -300.0 2.086708676153696e-06
230.0 -300.0 1.257043898224778e-05
250.0 -300.0 3.9447215216652725e-06
270.0 -300.0 3.696424362768039e-05
290.0 -300.0 3.675755414195712e-08
310.0 -300.0 7.314896274331456e-06
330.0 -300.0 0.0004723084635296544
350.0 -300.0 0.0016593823032611417
370.0 -300.0 0.00017482005987084215
390.0 -300.0 3.445268806157937e-06
410.0 -300.0 4.572378724360989e-05
430.0 -300.0 5.0715047059031474e-05
450.0 -300.0 2.2231458783134602e-05
470.0 -300.0 7.317555632582402e-05
490.0 -300.0 6.448036749897603e-07
510.0 -300.0 3.6805232901809184e-08
530.0 -300.0 2.0384330069455505e-05
550.0 -300.0 1.7424672165662686e-05
570.0 -300.0 8.615880132352424e-07
590.0 -300.0 1.3326839088967864e-06

-580.0 -320.0 8.110659766303935e-07
-560.0 -320.0 5.970592122812076e-05
-540.0 -320.0 7.241178803991057e-05
-520.0 -320.0 0.00015108701898425048
-500.0 -320.0 4.369091688224231e-06
-480.0 -320.0 7.975141499238339e-06
-460.0 -320.0 3.403674148782662e-08
-440.0 -320.0 2.7396996197506544e-06
-420.0 -320.0 8.721516471199621e-07
-400.0 -320.0 8.48265892690835e-06
-380.0 -320.0 3.947666900799115e-06
-360.0 -320.0 2.2735176530069583e-06
-340.0 -320.0 1.8282808149639723e-05
-320.0 -320.0 5.196318612754364e-06
-300.0 -320.0 1.041920701652884e-06
-280.0 -320.0 8.202843049566359e-07
-260.0 -320.0 7.178835593424542e-07
-240.0 -320.0 8.05775613079524e-07
-220.0 -320.0 1.6929864385032912e-06
-200.0 -320.0 1.5888222429511978e-05
-180.0 -320.0 0.00011454855312314784
-160.0 -320.0 4.280025047030209e-05
-140.0 -320.0 1.9682366275356906e-05
-120.0 -320.0 1.585953130230496e-05
-100.0 -320.0 6.400964689899683e-06
-80.0 -320.0 5.261887738849971e-07
-60.0 -320.0 4.520589696087551e-06
-40.0 -320.0 1.7783559322369706e-05
-20.0 -320.0 4.121219696397597e-05
0.0 -320.0 1.8878202325630216e-08
20.0 -320.0 3.7228503032611994e-05
40.0 -320.0 0.0001957248109623007
60.0 -320.0 0.0013974399941486602
80.0 -320.0 0.001826155680983377
100.0 -320.0 0.000766195733300464
120.0 -320.0 9.627925350462113e-08
140.0 -320.0 0.00013139047329791337
160.0 -320.0 0.0002610642917312054
180.0 -320.0 8.740690548347744e-06
200.0 -320.0 2.17951209620274e-05
220.0 -320.0 2.2701944914863212e-08
240.0 -320.0 6.350670685364027e-06
260.0 -320.0 1.6328306187910089e-06
280.0 -320.0 3.1111501643890883e-07
300.0 -320.0 3.0726463442587156e-06
320.0 -320.0 3.701198271323847e-05
340.0 -320.0 0.00036165733832103144
360.0 -320.0 0.000785072519227988
380.0 -320.0 0.0006579830517963311
400.0 -320.0 4.228385372921185e-05
420.0 -320.0 3.028262027448485e-05
440.0 -320.0 2.6483663366602535e-05
460.0 -320.0 5.458609510078892e-07
480.0 -320.0 6.353283633827815e-05
500.0 -320.0 2.737276315875325e-05
520.0 -320.0 3.328887418716625e-05
540.0 -320.0 2.205093956672823e-05
560.0 -320.0 3.926910870185383e-07
580.0 -320.0 9.618277045363414e-05

-590.0 -340.0 1.0503736325597065e-07
-570.0 -340.0 1.290785436351118e-05
-550.0 -340.0 0.00034025818464269194
-530.0 -340.0 3.198685999437984e-05
-510.0 -340.0 8.782668499237511e-05
-490.0 -340.0 5.676489014611007e-11
-470.0 -340.0 1.4950617756443243e-05
-450.0 -340.0 2.2100467206799132e-07
-430.0 -340.0 4.094472011738772e-07
-410.0 -340.0 8.422928999377263e-06
-390.0 -340.0 1.692175380176046e-06
-370.0 -340.0 7.854089275507474e-05
-350.0 -340.0 3.0970548252452193e-06
-330.0 -340.0 3.354677282954387e-05
-310.0 -340.0 1.2910667705567526e-05
-290.0 -340.0 1.4481630964077978e-05
-270.0 -340.0 1.1307692265205909e-05
-250.0 -340.0 8.435411908726193e-06
-230.0 -340.0 3.060859116009701e-05
-210.0 -340.0 3.840370412442876e-05
-190.0 -340.0 0.0002518160328409868
-170.0 -340.0 2.104519478820374e-05
-150.0 -340.0 8.785534331511057e-05
-130.0 -340.0 1.2269917873348527e-06
-110.0 -340.0 2.0231171463234426e-05
-90.0 -340.0 3.955488704576002e-07
-70.0 -340.0 3.0325234279168964e-06
-50.0 -340.0 9.157369213192301e-05
-30.0 -340.0 4.15986340902965e-05
-10.0 -340.0 2.175369464566499e-05
10.0 -340.0 1.609650014348229e-05
30.0 -340.0 5.167392616236878e-05
50.0 -340.0 0.00023017679349600449
70.0 -340.0 0.0016546642309294968
90.0 -340.0 0.008040523410011694
110.0 -340.0 0.0004958767149824422
130.0 -340.0 5.903009305652872e-05
150.0 -340.0 0.0001589437871058223
170.0 -340.0 0.0002858537156667381
190.0 -340.0 3.4172860787730134e-05
210.0 -340.0 3.375048860771943e-05
230.0 -340.0 2.979036140946458e-06
250.0 -340.0 1.9195085716760182e-05
270.0 -340.0 4.3730928436245725e-06
290.0 -340.0 6.265478129464626e-06
310.0 -340.0 2.7982254974514047e-05
330.0 -340.0 7.281614759015298e-06
350.0 -340.0 2.5622466010778258e-05
370.0 -340.0 0.001141322765095584
390.0 -340.0 0.004131825520520657
410.0 -340.0 0.00031405519366066366
430.0 -340.0 4.3289965927127595e-05
450.0 -340.0 1.0164082352745177e-05
470.0 -340.0 8.41520568760659e-05
490.0 -340.0 5.637490823898926e-05
510.0 -340.0 3.4556934449487934e-05
530.0 -340.0 3.493312592858937e-05
550.0 -340.0 3.790734636707595e-05
570.0 -340.0 3.75625277019059e-05
590.0 -340.0 1.160164543965395e-05

-580.0 -360.0 2.3714568085341287e-05
-560.0 -360.0 1.9447153094298472e-07
-540.0 -360.0 2.604264123998671e-06
-520.0 -360.0 4.283861802479426e-07
-500.0 -360.0 1.3038651158287065e-05
-480.0 -360.0 8.743746700347823e-06
-460.0 -360.0 4.717236732707063e-06
-440.0 -360.0 1.5371005021356363e-05
-420.0 -360.0 1.3819311675804248e-05
-400.0 -360.0 6.719690970794366e-06
-380.0 -360.0 1.3119263102342075e-05
-360.0 -360.0 8.393674581299348e-06
-340.0 -360.0 1.2075511540280986e-06
-320.0 -360.0 7.676763903465905e-06
-300.0 -360.0 3.8882562465559446e-06
-280.0 -360.0 2.0244339888113434e-05
-260.0 -360.0 2.8154481249964662e-05
-240.0 -360.0 4.116096648315093e-05
-220.0 -360.0 0.00012166750138523105
-200.0 -360.0 0.00026104220182016975
-180.0 -360.0 2.58725035622588e-06
-160.0 -360.0 6.498704389867291e-05
-140.0 -360.0 4.9896331179781395e-06
-120.0 -360.0 1.72257960323798e-05
-100.0 -360.0 1.166971024307502e-05
-80.0 -360.0 1.7277200378874214e-07
-60.0 -360.0 1.5541300094752094e-05
-40.0 -360.0 8.981170522382239e-07
-20.0 -360.0 6.294084727206276e-05
0.0 -360.0 1.288921756888858e-06
20.0 -360.0 2.3855854809766253e-05
40.0 -360.0 0.00019184042842898094
60.0 -360.0 0.0018423202909693007
80.0 -360.0 0.002284838516934057
100.0 -360.0 0.0011347226928287665
120.0 -360.0 8.662675239226837e-05
140.0 -360.0 0.00011963303405428997
160.0 -360.0 0.00015037281191227747
180.0 -360.0 0.00021066391496152035
200.0 -360.0 4.030208159290253e-05
220.0 -360.0 3.5350837424973696e-06
240.0 -360.0 1.0295713240034017e-05
260.0 -360.0 2.719290223074761e-07
280.0 -360.0 4.2893692781673785e-06
300.0 -360.0 4.1310694799152635e-07
320.0 -360.0 2.485680608902384e-06
340.0 -360.0 1.105608910208788e-06
360.0 -360.0 0.00016257827836004378
380.0 -360.0 0.0007004592699901616
400.0 -360.0 0.0009701941394498665
420.0 -360.0 0.000959554130538024
440.0 -360.0 0.0001106973885818746
460.0 -360.0 2.5679762694352294e-05
480.0 -360.0 4.34791566660111e-05
500.0 -360.0 1.7858607700210826e-05
520.0 -360.0 9.28377629852431e-06
540.0 -360.0 3.8351172103109486e-05
560.0 -360.0 1.7677496790162607e-05
580.0 -360.0 2.3095234468454097e-05

-590.0 -380.0 3.5967470536213815e-07
-570.0 -380.0 9.110703456251109e-05
-550.0 -380.0 7.0949607817839635e-06
-530.0 -380.0 9.253030210504121e-06
-510.0 -380.0 1.6614574959638394e-06
-490.0 -380.0 9.926590311439e-06
-470.0 -380.0 3.520278241948807e-06
-450.0 -380.0 9.920341618918283e-06
-430.0 -380.0 3.2648482700014904e-06
-410.0 -380.0 7.215898234317284e-05
-390.0 -380.0 3.4481562556960172e-09
-370.0 -380.0 5.0970375488292194e-05
-350.0 -380.0 1.6490968489923716e-08
-330.0 -380.0 1.831128934215261e-05
-310.0 -380.0 7.06779466833025e-06
-290.0 -380.0 1.0427175279105595e-05
-270.0 -380.0 4.351857266745037e-05
-250.0 -380.0 5.953227953688362e-06
-230.0 -380.0 0.00015005293987147133
-210.0 -380.0 0.00010307675524000729
-190.0 -380.0 7.058047442334718e-06
-170.0 -380.0 7.991445319623874e-06
-150.0 -380.0 4.57489529705977e-06
-130.0 -380.0 1.1860509450886229e-08
-110.0 -380.0 4.427558047552071e-06
-90.0 -380.0 8.067510634105482e-06
-70.0 -380.0 8.663438270968219e-09
-50.0 -380.0 0.00014158378934776177
-30.0 -380.0 4.2568699278046326e-05
-10.0 -380.0 2.0112726002755604e-06
10.0 -380.0 3.925402846758187e-05
30.0 -380.0 2.281236768142204e-05
50.0 -380.0 0.0001210312185000299
70.0 -380.0 0.0018105917285991563
90.0 -380.0 0.009331884639009443
110.0 -380.0 0.0007798553487806003
130.0 -380.0 6.511367584630564e-05
150.0 -380.0 8.924702342685297e-05
170.0 -380.0 0.00013355214185257157
190.0 -380.0 0.00031846985442426386
210.0 -380.0 4.9935364673199065e-06
230.0 -380.0 5.367271298308235e-06
250.0 -380.0 1.8967743875289203e-06
270.0 -380.0 7.346291306091637e-07
290.0 -380.0 1.2324750642614416e-06
310.0 -380.0 6.886203136348302e-06
330.0 -380.0 7.508363841313412e-08
350.0 -380.0 1.578421074916386e-05
370.0 -380.0 2.173384451802241e-05
390.0 -380.0 6.22798000146079e-05
410.0 -380.0 0.0014120885908170807
430.0 -380.0 0.006541071158943476
450.0 -380.0 0.00024295469142641756
470.0 -380.0 4.6241593438137925e-05
490.0 -380.0 1.139425915999533e-05
510.0 -380.0 4.755697061169137e-07
530.0 -380.0 2.0899747193149734e-05
550.0 -380.0 1.3041566524924023e-05
570.0 -380.0 6.312000117421267e-05
590.0 -380.0 2.7651624481807482e-05

-580.0 -400.0 3.330783426820151e-06
-560.0 -400.0 6.302196233354857e-06
-540.0 -400.0 4.584650139638752e-06
-520.0 -400.0 7.465816760912798e-07
-500.0 -400.0 3.254858710299498e-05
-480.0 -400.0 1.631908883521643e-05
-460.0 -400.0 3.4515170142682154e-05
-440.0 -400.0 4.525892160945916e-06
-420.0 -400.0 3.384030648547955e-05
-400.0 -400.0 1.448762391351884e-09
-380.0 -400.0 8.65030813664588e-06
-360.0 -400.0 8.312238073463671e-07
-340.0 -400.0 2.9544427283475546e-06
-320.0 -400.0 4.711937960232109e-06
-300.0 -400.0 4.6475482318664216e-11
-280.0 -400.0 9.874514973755592e-06
-260.0 -400.0 9.216116479236503e-07
-240.0 -400.0 4.960663531944602e-05
-220.0 -400.0 5.346443912007844e-05
-200.0 -400.0 9.356901782290061e-06
-180.0 -400.0 1.9508546545358575e-06
-160.0 -400.0 8.625545532277097e-06
-140.0 -400.0 1.808153954434438e-06
-120.0 -400.0 7.5492253476863485e-06
-100.0 -400.0 5.296342741322304e-06
-80.0 -400.0 1.6822981771022283e-05
-60.0 -400.0 5.5399449821371275e-05
-40.0 -400.0 3.038836575705899e-08
-20.0 -400.0 3.048202796948706e-05
0.0 -400.0 9.155519288610059e-07
20.0 -400.0 2.3884266627959356e-05
40.0 -400.0 7.757554672284825e-06
60.0 -400.0 0.001491407579457369
80.0 -400.0 0.0030634437789035934
100.0 -400.0 0.002644977155411884
120.0 -400.0 0.0008977178462736542
140.0 -400.0 1.3388658010671256e-05
160.0 -400.0 0.00018340091015083766
180.0 -400.0 8.196808643789461e-05
200.0 -400.0 0.0005881143885201137
220.0 -400.0 1.3132859178083443e-05
240.0 -400.0 7.588307877593893e-05
260.0 -400.0 2.6411938547804936e-06
280.0 -400.0 2.0613108625913647e-05
300.0 -400.0 8.744118156518284e-06
320.0 -400.0 2.1294127308992836e-06
340.0 -400.0 1.7534503566303502e-05
360.0 -400.0 9.188289772390196e-06
380.0 -400.0 2.9868273563279835e-06
400.0 -400.0 0.000586120740995984
420.0 -400.0 0.0012189418096430506
440.0 -400.0 0.0007479579099294453
460.0 -400.0 0.0011454279805681912
480.0 -400.0 0.000829663484169185
500.0 -400.0 0.0002694072876170216
520.0 -400.0 4.872576485824505e-06
540.0 -400.0 3.686145328683063e-05
560.0 -400.0 7.548123553873209e-06
580.0 -400.0 1.5797073577909646e-05

-590.0 -420.0 7.281092666128377e-08
-570.0 -420.0 1.4565067753982512e-05
-550.0 -420.0 1.780584235098016e-06
-530.0 -420.0 6.028777140167219e-07
-510.0 -420.0 3.0717709612206114e-06
-490.0 -420.0 3.4552551408462175e-05
-470.0 -420.0 2.2399677487016073e-05
-450.0 -420.0 1.744242207524979e-05
-430.0 -420.0 4.4873360153863175e-07
-410.0 -420.0 2.2456858526839365e-05
-390.0 -420.0 9.186000385727558e-07
-370.0 -420.0 4.346405249919844e-06
-350.0 -420.0 4.460056013944376e-09
-330.0 -420.0 2.0181989225409234e-06
-310.0 -420.0 1.4643566208910622e-06
-290.0 -420.0 3.405099248353906e-07
-270.0 -420.0 8.926875945674651e-06
-250.0 -420.0 1.0592748617300025e-05
-230.0 -420.0 0.0001596999076875441
-210.0 -420.0 4.3487661756915174e-05
-190.0 -420.0 4.343472159925599e-05
-170.0 -420.0 3.629551497871861e-05
-150.0 -420.0 7.586653071651711e-06
-130.0 -420.0 2.6428149833807794e-05
-110.0 -420.0 1.4742536302591677e-06
-90.0 -420.0 4.518546641108169e-05
-70.0 -420.0 6.360408907676278e-07
-50.0 -420.0 9.868692465726331e-05
-30.0 -420.0 3.891914298262287e-05
-10.0 -420.0 9.409146472544934e-05
10.0 -420.0 1.7929129391491632e-05
30.0 -420.0 3.9292430702979415e-05
50.0 -420.0 0.0003133234584534493
70.0 -420.0 0.000868969417409361
90.0 -420.0 0.0035169629567281275
110.0 -420.0 0.01626825484640586
130.0 -420.0 0.0004802023123912699
150.0 -420.0 7.756701294599333e-05
170.0 -420.0 0.0002595540911469578
190.0 -420.0 1.6369325166946458e-05
210.0 -420.0 0.0005590953884380286
230.0 -420.0 0.00011388653093635367
250.0 -420.0 8.925711082533462e-05
270.0 -420.0 2.0183106761117582e-05
290.0 -420.0 3.750851489688055e-05
310.0 -420.0 2.431706273388779e-06
330.0 -420.0 1.4494984798354086e-05
350.0 -420.0 3.912194717480252e-07
370.0 -420.0 7.173208946102003e-06
390.0 -420.0 2.4649160042325876e-06
410.0 -420.0 5.821214844522402e-05
430.0 -420.0 0.00023536176251104675
450.0 -420.0 0.0013590853894515711
470.0 -420.0 0.0042305750064958484
490.0 -420.0 0.011635339818209082
510.0 -420.0 0.0007755531495889223
530.0 -420.0 2.2664277590016347e-05
550.0 -420.0 5.73367445140018e-05
570.0 -420.0 0.00011961407449148793
590.0 -420.0 4.80308950396907e-05

-580.0 -440.0 6.3032858032302385e-06
-560.0 -440.0 8.692877770788951e-07
-540.0 -440.0 1.3351128518335798e-05
-520.0 -440.0 1.0762819967701542e-05
-500.0 -440.0 2.4175525176880467e-05
-480.0 -440.0 4.118896587598165e-06
-460.0 -440.0 3.994637539182142e-05
-440.0 -440.0 3.48902999674523e-06
-420.0 -440.0 3.470660786637501e-05
-400.0 -440.0 4.861568634163387e-07
-380.0 -440.0 1.0818825240615191e-05
-360.0 -440.0 6.480273166456724e-06
-340.0 -440.0 1.5504547668458387e-06
-320.0 -440.0 2.2070306398489727e-05
-300.0 -440.0 3.7785231810186475e-06
-280.0 -440.0 4.800348722553949e-05
-260.0 -440.0 5.162635035879798e-05
-240.0 -440.0 0.000278407841138596
-220.0 -440.0 3.4643054710652267e-06
-200.0 -440.0 0.00010123989845282627
-180.0 -440.0 5.0140720387822455e-06
-160.0 -440.0 3.766913651755162e-05
-140.0 -440.0 6.47418683827902e-06
-120.0 -440.0 2.291970180210779e-05
-100.0 -440.0 2.287060646006353e-05
-80.0 -440.0 4.9250548148829276e-05
-60.0 -440.0 0.00018001976525704416
-40.0 -440.0 2.5332531794615945e-06
-20.0 -440.0 3.671461641195471e-05
0.0 -440.0 1.614627480187821e-05
20.0 -440.0 4.5659628275096205e-05
40.0 -440.0 0.0002559115711489759
60.0 -440.0 0.0009589760300867734
80.0 -440.0 0.005097023856119441
100.0 -440.0 0.007533664803571916
120.0 -440.0 0.004247732720435418
140.0 -440.0 0.000847530355097877
160.0 -440.0 1.2036199394595217e-05
180.0 -440.0 6.668490120685598e-05
200.0 -440.0 4.093649156662679e-05
220.0 -440.0 0.000284786343357142
240.0 -440.0 0.00011244343193928576
260.0 -440.0 1.3917950157110406e-05
280.0 -440.0 3.28334854779982e-05
300.0 -440.0 3.6880683975342367e-06
320.0 -440.0 1.09320177346973e-05
340.0 -440.0 9.723848142327762e-08
360.0 -440.0 1.2987344547939026e-05
380.0 -440.0 3.6842665219757255e-08
400.0 -440.0 3.283842473053046e-05
420.0 -440.0 2.8623254296649544e-05
440.0 -440.0 0.0007432278068009355
460.0 -440.0 0.0027463699161810362
480.0 -440.0 0.003336716237959156
500.0 -440.0 0.004256598295041788
520.0 -440.0 0.001407975827859748
540.0 -440.0 3.7033467860034375e-05
560.0 -440.0 1.5176878310736297e-06
580.0 -440.0 2.3098740427839956e-05

-590.0 -460.0 1.7367152072724986e-09
-570.0 -460.0 9.662647864380053e-07
-550.0 -460.0 7.134093309773985e-08
-530.0 -460.0 1.1117329301952683e-06
-510.0 -460.0 2.7266864194431787e-06
-490.0 -460.0 7.677523911179057e-06
-470.0 -460.0 3.3163427109479424e-05
-450.0 -460.0 1.6540861339040526e-06
-430.0 -460.0 1.2066221289872012e-05
-410.0 -460.0 2.1083621895333028e-07
-390.0 -460.0 9.338095649457406e-07
-370.0 -460.0 3.921282660702248e-06
-350.0 -460.0 9.686404958934785e-06
-330.0 -460.0 7.182060311785735e-06
-310.0 -460.0 3.962175717201604e-05
-290.0 -460.0 1.2672701915848749e-05
-270.0 -460.0 0.0001396263231481998
-250.0 -460.0 0.00014825596769976895
-230.0 -460.0 8.122635711231262e-06
-210.0 -460.0 4.6248171402927186e-05
-190.0 -460.0 1.547843635597253e-06
-170.0 -460.0 1.9550746882355002e-05
-150.0 -460.0 1.877072106502742e-08
-130.0 -460.0 2.148285365209043e-05
-110.0 -460.0 1.0727611091280366e-06
-90.0 -460.0 5.516152096325938e-05
-70.0 -460.0 1.2688155531160216e-05
-50.0 -460.0 7.745162420282898e-05
-30.0 -460.0 3.83830916052736e-06
-10.0 -460.0 3.37802806970079e-05
10.0 -460.0 3.072732666233659e-07
30.0 -460.0 4.2088160048617426e-05
50.0 -460.0 0.00021459493473416979
70.0 -460.0 0.0007278152824990308
90.0 -460.0 0.002904859802556814
110.0 -460.0 0.008090949001318994
130.0 -460.0 0.02290672546076851
150.0 -460.0 0.002948545159076637
170.0 -460.0 0.00022792067201727231
190.0 -460.0 0.00017485081185473542
210.0 -460.0 0.00019694136026295563
230.0 -460.0 0.000322152380771117
250.0 -460.0 1.2786992094810359e-05
270.0 -460.0 8.764689102149259e-06
290.0 -460.0 1.8301385911643605e-07
310.0 -460.0 9.468743437764659e-07
330.0 -460.0 1.421614159910647e-07
350.0 -460.0 2.798599736052584e-06
370.0 -460.0 2.979365671371732e-07
390.0 -460.0 5.424574641696687e-06
410.0 -460.0 2.355629874497452e-06
430.0 -460.0 4.038308257922551e-05
450.0 -460.0 0.00023230712644280646
470.0 -460.0 0.00035375410805885116
490.0 -460.0 0.0013593481754285736
510.0 -460.0 0.004104328402695169
530.0 -460.0 0.01126398736257044
550.0 -460.0 0.00046665700810434823
570.0 -460.0 0.0007308861421845891
590.0 -460.0 9.728346618891193e-05

-580.0 -480.0 3.2885260448316516e-06
-560.0 -480.0 1.6781371403270997e-07
-540.0 -480.0 7.846794284366019e-06
-520.0 -480.0 1.0534552347545456e-05
-500.0 -480.0 4.060779554190013e-06
-480.0 -480.0 2.9084316797975783e-05
-460.0 -480.0 4.331637968086809e-05
-440.0 -480.0 2.55751785220176e-07
-420.0 -480.0 1.4904054923956032e-07
-400.0 -480.0 6.563999488058231e-06
-380.0 -480.0 3.2389637019769443e-06
-360.0 -480.0 5.51463273639258e-06
-340.0 -480.0 2.5486353769437514e-06
-320.0 -480.0 1.6326487725845275e-05
-300.0 -480.0 2.143627514496652e-06
-280.0 -480.0 7.280979987741299e-05
-260.0 -480.0 4.501721633581856e-05
-240.0 -480.0 1.282007415626273e-08
-220.0 -480.0 1.0048144300485788e-05
-200.0 -480.0 9.776713287241905e-07
-180.0 -480.0 5.3591767765657705e-06
-160.0 -480.0 3.7760117698378224e-08
-140.0 -480.0 1.3093928853352543e-05
-120.0 -480.0 2.017453965249234e-06
-100.0 -480.0 2.8215807682570466e-05
-80.0 -480.0 4.001337237438763e-05
-60.0 -480.0 0.0001743317447390092
-40.0 -480.0 4.192695075013597e-06
-20.0 -480.0 7.745737587666595e-05
0.0 -480.0 6.921936504625965e-05
20.0 -480.0 1.9389144505183563e-05
40.0 -480.0 0.00014902807026266713
60.0 -480.0 0.0005480460039087957
80.0 -480.0 0.003796417522691075
100.0 -480.0 0.0066418283888588945
120.0 -480.0 0.006965961027610446
140.0 -480.0 0.0037408825889540783
160.0 -480.0 0.0006860735804252488
180.0 -480.0 4.00776960220532e-05
200.0 -480.0 0.0004393240219493486
220.0 -480.0 9.93521181235139e-05
240.0 -480.0 0.0006847065695242874
260.0 -480.0 5.685234531478923e-06
280.0 -480.0 7.242092446928056e-05
300.0 -480.0 2.409461393009496e-06
320.0 -480.0 2.1890245880729055e-05
340.0 -480.0 1.1405086693877043e-06
360.0 -480.0 1.4275252724567888e-05
380.0 -480.0 4.2367905903623747e-08
400.0 -480.0 1.933731493879401e-05
420.0 -480.0 1.2051978038675478e-06
440.0 -480.0 2.4780397616742547e-05
460.0 -480.0 9.169576711437531e-05
480.0 -480.0 0.0003240453146736263
500.0 -480.0 0.002050857071322183
520.0 -480.0 0.003988751942472958
540.0 -480.0 0.005157854955907613
560.0 -480.0 0.0018292613657911062
580.0 -480.0 3.272421350927276e-06

-590.0 -500.0 9.226936274098603e-09
-570.0 -500.0 7.427885412948377e-08
-550.0 -500.0 2.25335702463558e-06
-530.0 -500.0 4.548026186858988e-06
-510.0 -500.0 2.4692132463140625e-05
-490.0 -500.0 4.958118953637022e-07
-470.0 -500.0 4.4427331105898747e-07
-450.0 -500.0 8.132766540843632e-08
-430.0 -500.0 5.206572200754096e-09
-410.0 -500.0 1.012170380666885e-05
-390.0 -500.0 1.2863433119065467e-06
-370.0 -500.0 1.1157221493713214e-06
-350.0 -500.0 1.2746201355475033e-07
-330.0 -500.0 3.566134148211312e-08
-310.0 -500.0 4.3140973972251696e-07
-290.0 -500.0 1.172195645016278e-05
-270.0 -500.0 9.256766711186667e-05
-250.0 -500.0 2.18496671128499e-05
-230.0 -500.0 3.534945316502609e-05
-210.0 -500.0 1.5540895468753646e-05
-190.0 -500.0 1.5942654731614296e-05
-170.0 -500.0 5.562364919847823e-07
-150.0 -500.0 1.252443131971474e-05
-130.0 -500.0 6.353967929019657e-06
-110.0 -500.0 2.064176008663162e-06
-90.0 -500.0 8.091358812334991e-05
-70.0 -500.0 4.482037789683383e-05
-50.0 -500.0 5.169894634131167e-05
-30.0 -500.0 1.619321752670175e-06
-10.0 -500.0 0.00015952275854491318
10.0 -500.0 1.336317233896816e-07
30.0 -500.0 0.00014075324512827095
50.0 -500.0 0.00024140155360062688
70.0 -500.0 0.0002852574610137771
90.0 -500.0 0.0016086902205219935
110.0 -500.0 0.0086283696743057
130.0 -500.0 0.02955621723504876
150.0 -500.0 0.000369138647340821
170.0 -500.0 1.2675078101011853e-05
190.0 -500.0 0.00023288036055334982
210.0 -500.0 0.00022529771623087876
230.0 -500.0 2.0211859911413535e-07
250.0 -500.0 0.0007743375640359852
270.0 -500.0 8.063549777725723e-05
290.0 -500.0 0.00014357010994175005
310.0 -500.0 5.408336680832461e-06
330.0 -500.0 6.264953530970794e-05
350.0 -500.0 1.5507700021288363e-06
370.0 -500.0 1.4056936146146957e-05
390.0 -500.0 6.296262085391592e-07
410.0 -500.0 2.7319194242079944e-05
430.0 -500.0 5.428671971786528e-05
450.0 -500.0 2.3392585089426424e-05
470.0 -500.0 1.0431179954932042e-06
490.0 -500.0 0.00012675943808499504
510.0 -500.0 0.0007646436994268166
530.0 -500.0 0.0024373755240287326
550.0 -500.0 0.0030248468607493684
570.0 -500.0 0.005870879346936994
590.0 -500.0 0.0001466736481127819

-580.0 -520.0 2.2544619293012925e-08
-560.0 -520.0 3.106423092315224e-05
-540.0 -520.0 4.477064119197631e-05
-520.0 -520.0 3.6720992311892353e-07
-500.0 -520.0 7.2032875698202805e-09
-480.0 -520.0 1.12074774280798e-05
-460.0 -520.0 3.561085645490994e-08
-440.0 -520.0 1.981322247224281e-06
-420.0 -520.0 1.3106183335075216e-05
-400.0 -520.0 2.792477777723956e-06
-380.0 -520.0 5.088799426773019e-07
-360.0 -520.0 1.190951805020613e-05
-340.0 -520.0 5.810941203570192e-07
-320.0 -520.0 3.1782300901739806e-05
-300.0 -520.0 2.512355357784307e-05
-280.0 -520.0 0.00022525321460293202
-260.0 -520.0 5.83630930788239e-06
-240.0 -520.0 0.00010313333088801443
-220.0 -520.0 2.6510113051842114e-06
-200.0 -520.0 3.4586374202430514e-05
-180.0 -520.0 7.22744991262983e-07
-160.0 -520.0 9.351428543035352e-06
-140.0 -520.0 5.2457604597708115e-06
-120.0 -520.0 1.4944450898339285e-07
-100.0 -520.0 4.25360483230834e-05
-80.0 -520.0 1.3131503545289536e-05
-60.0 -520.0 0.00011459729853369986
-40.0 -520.0 4.275476742599498e-06
-20.0 -520.0 1.6016579417445288e-05
0.0 -520.0 2.8999746972066098e-05
20.0 -520.0 5.408754491026555e-05
40.0 -520.0 4.663035002649102e-05
60.0 -520.0 0.0003802118896023014
80.0 -520.0 0.0027343010183819008
100.0 -520.0 0.004445029168069613
120.0 -520.0 0.008213796240658093
140.0 -520.0 0.0076329720824198435
160.0 -520.0 0.0025916514737469552
180.0 -520.0 6.0205982085624396e-05
200.0 -520.0 0.0001223329659920403
220.0 -520.0 4.9084688695858364e-05
240.0 -520.0 8.086272201095672e-06
260.0 -520.0 0.00040589952157136345
280.0 -520.0 0.0002520547200757447
300.0 -520.0 7.420473022767626e-05
320.0 -520.0 5.208452158502842e-05
340.0 -520.0 2.878277443948398e-05
360.0 -520.0 1.1484050891220639e-05
380.0 -520.0 1.9524431255657658e-05
400.0 -520.0 1.531027693734127e-06
420.0 -520.0 1.836674252473736e-05
440.0 -520.0 0.0002910833118487755
460.0 -520.0 4.773711240450631e-05
480.0 -520.0 5.384646304089424e-07
500.0 -520.0 2.7166048707116364e-05
520.0 -520.0 0.00013991054838954057
540.0 -520.0 0.0014131729782584919
560.0 -520.0 0.005087522918330057
580.0 -520.0 0.00657916903734227

-590.0 -540.0 5.432683214364467e-10
-570.0 -540.0 1.543028418299615e-06
-550.0 -540.0 5.16859138159504e-07
-530.0 -540.0 3.936503619385152e-07
-510.0 -540.0 1.4136652238520682e-06
-490.0 -540.0 2.375352199168871e-07
-470.0 -540.0 4.489305720948388e-06
-450.0 -540.0 2.791103712344057e-06
-430.0 -540.0 5.413424781071765e-07
-410.0 -540.0 9.3126325150365e-07
-390.0 -540.0 6.518728130099744e-06
-370.0 -540.0 1.1732212334655084e-05
-350.0 -540.0 2.896058168859964e-05
-330.0 -540.0 2.7776715406137837e-05
-310.0 -540.0 0.00011808801084743451
-290.0 -540.0 0.00018334155186503152
-270.0 -540.0 1.3063341962428147e-05
-250.0 -540.0 7.470107832417564e-05
-230.0 -540.0 6.578077626210645e-06
-210.0 -540.0 1.9179258753729632e-05
-190.0 -540.0 5.894939227675475e-06
-170.0 -540.0 2.4734316004047964e-06
-150.0 -540.0 2.6711146096803175e-06
-130.0 -540.0 1.0499074375008284e-06
-110.0 -540.0 1.134211096495654e-07
-90.0 -540.0 6.363191846289565e-05
-70.0 -540.0 9.88632314324581e-05
-50.0 -540.0 7.595859422649901e-07
-30.0 -540.0 3.910792006156621e-06
-10.0 -540.0 9.084354396959013e-05
10.0 -540.0 4.0836363119244166e-05
30.0 -540.0 5.255312495852983e-06
50.0 -540.0 2.8986804792834277e-06
70.0 -540.0 0.0005334842787163499
90.0 -540.0 0.003606810792865909
110.0 -540.0 0.005538014383700209
130.0 -540.0 0.005230920424526119
150.0 -540.0 0.01914096709618799
170.0 -540.0 0.00257907377858193
190.0 -540.0 4.689596750984998e-05
210.0 -540.0 8.338931140170034e-05
230.0 -540.0 1.3682445746909832e-05
250.0 -540.0 1.4805052998883933e-07
270.0 -540.0 9.450328018660981e-05
290.0 -540.0 0.00021475274652327835
310.0 -540.0 1.4551263072579428e-06
330.0 -540.0 4.904181278861868e-05
350.0 -540.0 3.0728858292434066e-08
370.0 -540.0 2.210606753005914e-05
390.0 -540.0 1.3891366175152945e-06
410.0 -540.0 8.087300968398057e-06
430.0 -540.0 9.544510974082787e-05
450.0 -540.0 0.000124272424268797
470.0 -540.0 7.097227155477783e-05
490.0 -540.0 2.507977047862309e-05
510.0 -540.0 1.486536047485807e-05
530.0 -540.0 3.9069588462662606e-05
550.0 -540.0 0.0014993074181142711
570.0 -540.0 0.005092350713501326
590.0 -540.0 0.0005211704639963435

-580.0 -560.0 8.72210360465284e-07
-560.0 -560.0 1.6415462248043506e-07
-540.0 -560.0 1.971542703514352e-06
-520.0 -560.0 4.658026539803042e-06
-500.0 -560.0 4.3075152991866563e-07
-480.0 -560.0 8.555936017757435e-06
-460.0 -560.0 6.2166198312607925e-06
-440.0 -560.0 4.674160280463182e-06
-420.0 -560.0 1.391276823941973e-06
-400.0 -560.0 1.1696395823506756e-05
-380.0 -560.0 4.721330922554e-08
-360.0 -560.0 3.4922312616234984e-05
-340.0 -560.0 1.4796454209939346e-08
-320.0 -560.0 0.0001182508778423964
-300.0 -560.0 4.892472605772567e-05
-280.0 -560.0 1.4006127781437735e-05
-260.0 -560.0 1.055334963429669e-05
-240.0 -560.0 3.5904050100924936e-06
-220.0 -560.0 3.787169827052548e-07
-200.0 -560.0 1.679227798145517e-06
-180.0 -560.0 1.823973217353879e-07
-160.0 -560.0 1.743137892105593e-08
-140.0 -560.0 1.1711006860720504e-06
-120.0 -560.0 3.1010038169117175e-05
-100.0 -560.0 5.822026233070642e-05
-80.0 -560.0 3.4130020432223373e-06
-60.0 -560.0 1.9629387784415945e-05
-40.0 -560.0 3.780944123803348e-08
-20.0 -560.0 1.0896049033578201e-05
0.0 -560.0 1.635394742527513e-05
20.0 -560.0 5.718005439335823e-05
40.0 -560.0 7.472219865615795e-07
60.0 -560.0 0.00017375091811885752
80.0 -560.0 0.0011234311748651727
100.0 -560.0 0.0026520881505500433
120.0 -560.0 0.008379747064247009
140.0 -560.0 0.011717875386846002
160.0 -560.0 0.0027772513630158363
180.0 -560.0 0.00026211162816526236
200.0 -560.0 0.0006073001298986334
220.0 -560.0 4.489194317285824e-05
240.0 -560.0 0.00015576081055165098
260.0 -560.0 4.425103885603799e-05
280.0 -560.0 4.470873115924174e-05
300.0 -560.0 4.909541335019182e-05
320.0 -560.0 1.3450949339253573e-05
340.0 -560.0 2.8516027166553955e-05
360.0 -560.0 6.872359982504988e-07
380.0 -560.0 1.9930936291519667e-06
400.0 -560.0 4.0425246737083424e-07
420.0 -560.0 2.116513526815549e-06
440.0 -560.0 1.3169306361996721e-06
460.0 -560.0 0.00030433295560904007
480.0 -560.0 0.002190392185793789
500.0 -560.0 8.433129977756513e-05
520.0 -560.0 0.00011634935327202523
540.0 -560.0 4.585948440726993e-05
560.0 -560.0 8.960998282141547e-06
580.0 -560.0 0.0017183633165761194

-590.0 -580.0 1.3278375653876798e-08
-570.0 -580.0 6.275913865512487e-06
-550.0 -580.0 2.6664127448736692e-06
-530.0 -580.0 1.8640746891007938e-06
-510.0 -580.0 3.687909906679711e-07
-490.0 -580.0 6.9596517207064405e-06
-470.0 -580.0 3.481090954212322e-05
-450.0 -580.0 1.8711500314689256e-06
-430.0 -580.0 9.106765942633332e-07
-410.0 -580.0 1.960926621304048e-06
-390.0 -580.0 2.0327004546918842e-06
-370.0 -580.0 4.229730171589489e-06
-350.0 -580.0 2.7441405408958074e-06
-330.0 -580.0 3.216685487599577e-05
-310.0 -580.0 3.3034422702769186e-05
-290.0 -580.0 2.8403406110492954e-06
-270.0 -580.0 7.282244258288174e-06
-250.0 -580.0 6.694518180564734e-06
-230.0 -580.0 7.350337021925318e-07
-210.0 -580.0 2.870974412904025e-06
-190.0 -580.0 1.1258834232048616e-07
-170.0 -580.0 2.4452914176108905e-06
-150.0 -580.0 5.837452488082575e-07
-130.0 -580.0 2.2667995973553286e-05
-110.0 -580.0 7.848584734354596e-06
-90.0 -580.0 5.770978678705339e-05
-70.0 -580.0 8.932878239477648e-05
-50.0 -580.0 4.847108434912658e-06
-30.0 -580.0 1.378965322504479e-06
-10.0 -580.0 0.00014043751256438933
10.0 -580.0 4.08069668569809e-05
30.0 -580.0 2.628964789390386e-05
50.0 -580.0 1.0289069631116783e-06
70.0 -580.0 0.0002229779196967615
90.0 -580.0 0.0021664854347715683
110.0 -580.0 0.006275478667114849
130.0 -580.0 0.009511505873428644
150.0 -580.0 0.027951197920533098
170.0 -580.0 0.0002953601573087082
190.0 -580.0 0.00047956977850502716
210.0 -580.0 4.010823809976773e-05
230.0 -580.0 0.0001945148221003082
250.0 -580.0 9.205945489659071e-12
270.0 -580.0 0.00018233132982764104
290.0 -580.0 0.00021092861127260218
310.0 -580.0 1.1452688205137143e-05
330.0 -580.0 8.67822125423223e-06
350.0 -580.0 1.3836185633563538e-06
370.0 -580.0 5.280713527168747e-06
390.0 -580.0 1.1101399650862e-06
410.0 -580.0 5.137567535235656e-06
430.0 -580.0 1.1276527151428986e-06
450.0 -580.0 0.00018028463068272432
470.0 -580.0 0.00047551688231546683
490.0 -580.0 0.000450076241813204
510.0 -580.0 0.00029080797361007637
530.0 -580.0 0.0001285065319010868
550.0 -580.0 1.945479943852073e-05
570.0 -580.0 4.17442347164622e-05
590.0 -580.0 4.430306740934516e-05

-580.0 -600.0 4.785234304577389e-07
-560.0 -600.0 2.7487493928482188e-08
-540.0 -600.0 3.674543098164169e-07
-520.0 -600.0 1.578400456201321e-07
-500.0 -600.0 7.608422443091354e-09
-480.0 -600.0 2.1388338364737198e-06
-460.0 -600.0 6.445753683470217e-06
-440.0 -600.0 1.4402542952395514e-06
-420.0 -600.0 6.945439457295765e-07
-400.0 -600.0 2.825942323987371e-06
-380.0 -600.0 7.721828876424229e-07
-360.0 -600.0 8.64838107812107e-06
-340.0 -600.0 1.4661374902021178e-05
-320.0 -600.0 0.00011749878837547022
-300.0 -600.0 1.1583683698825491e-05
-280.0 -600.0 5.6002490559301903e-05
-260.0 -600.0 1.3439061614890808e-05
-240.0 -600.0 1.6792124554074107e-05
-220.0 -600.0 3.1690404891313772e-06
-200.0 -600.0 7.436469792300653e-06
-180.0 -600.0 7.552839409919925e-07
-160.0 -600.0 7.348062760177252e-06
-140.0 -600.0 2.0854594497707915e-06
-120.0 -600.0 1.2560252631417501e-05
-100.0 -600.0 6.363413226191693e-05
-80.0 -600.0 1.091210849396374e-05
-60.0 -600.0 6.9447673503032085e-06
-40.0 -600.0 2.006336516008843e-06
-20.0 -600.0 4.165704194700983e-06
0.0 -600.0 1.6110799105258737e-05
20.0 -600.0 7.284456845200079e-05
40.0 -600.0 1.2447078113014698e-05
60.0 -600.0 6.271740979273728e-05
80.0 -600.0 0.0009366299391645372
100.0 -600.0 0.003476242628771133
120.0 -600.0 0.011059866913778004
140.0 -600.0 0.023123143360047338
160.0 -600.0 0.014434665296257622
180.0 -600.0 0.002796852944971395
200.0 -600.0 0.0001079095780597751
220.0 -600.0 4.560742472692623e-06
240.0 -600.0 4.960748211324595e-05
260.0 -600.0 0.00011257111849407676
280.0 -600.0 1.4513415683862203e-05
300.0 -600.0 0.00037892447030319753
320.0 -600.0 0.00018559657018612933
340.0 -600.0 0.0001636940233040046
360.0 -600.0 2.7590643983114725e-07
380.0 -600.0 1.8263852061329158e-05
400.0 -600.0 7.555149865636798e-07
420.0 -600.0 3.42468326826405e-05
440.0 -600.0 4.9834750559237345e-05
460.0 -600.0 2.940161687487578e-05
480.0 -600.0 6.0539485950044525e-05
500.0 -600.0 0.0008160710222290317
520.0 -600.0 0.0053513491840548495
540.0 -600.0 1.5510101523054806e-06
560.0 -600.0 5.547307782281525e-05
580.0 -600.0 2.5895782124833986e-06

-590.0 -620.0 3.4476436935991526e-09
-570.0 -620.0 2.976652740372028e-12
-550.0 -620.0 3.750824754816327e-07
-530.0 -620.0 7.077888551883914e-06
-510.0 -620.0 7.663453650970848e-06
-490.0 -620.0 7.857936016221018e-09
-470.0 -620.0 1.1109391921542774e-05
-450.0 -620.0 2.1987430810374208e-06
-430.0 -620.0 5.9492528178304305e-06
-410.0 -620.0 1.0431286139140665e-05
-390.0 -620.0 1.5419690548537822e-05
-370.0 -620.0 2.634707065244806e-05
-350.0 -620.0 6.165369631009689e-05
-330.0 -620.0 0.00017788236330415892
-310.0 -620.0 1.9835934757595155e-06
-290.0 -620.0 8.960664957862794e-05
-270.0 -620.0 1.3858682273185927e-07
-250.0 -620.0 2.9593987169556033e-05
-230.0 -620.0 5.666045309985188e-07
-210.0 -620.0 1.0763614269028377e-05
-190.0 -620.0 2.6495002255988944e-07
-170.0 -620.0 8.83661847293882e-06
-150.0 -620.0 1.123240694470817e-06
-130.0 -620.0 9.835040861398361e-05
-110.0 -620.0 4.0491165547480986e-05
-90.0 -620.0 2.3002262647694003e-05
-70.0 -620.0 2.4773943272128482e-05
-50.0 -620.0 1.6342163595114486e-07
-30.0 -620.0 1.5231603857895989e-06
-10.0 -620.0 0.00013390303359568547
10.0 -620.0 6.86728361898964e-05
30.0 -620.0 4.777243589134738e-06
50.0 -620.0 6.153208229275497e-05
70.0 -620.0 0.00019092835119792815
90.0 -620.0 0.002542594098587188
110.0 -620.0 0.005231190671854576
130.0 -620.0 0.006333150113169038
150.0 -620.0 0.012164021522456003
170.0 -620.0 0.03838009738931069
190.0 -620.0 0.0014974516750977528
210.0 -620.0 4.7164166301153625e-05
230.0 -620.0 3.967196374430328e-05
250.0 -620.0 1.3364136533665344e-05
270.0 -620.0 1.002803372756677e-05
290.0 -620.0 2.3751670814485198e-05
310.0 -620.0 0.0003074203939633203
330.0 -620.0 0.00012081157798196254
350.0 -620.0 7.269972930722967e-07
370.0 -620.0 0.00011967167651001337
390.0 -620.0 5.152879385714919e-05
410.0 -620.0 5.4886271490167124e-08
430.0 -620.0 3.653590928663816e-06
450.0 -620.0 5.046529384796971e-08
470.0 -620.0 1.475123658790368e-05
490.0 -620.0 0.0006860804898330626
510.0 -620.0 0.001606713825200417
530.0 -620.0 0.0015686667603058394
550.0 -620.0 0.0003359218486624395
570.0 -620.0 4.315939930665913e-05
590.0 -620.0 4.2497894456474114e-05

-580.0 -640.0 1.0218528689559953e-07
-560.0 -640.0 2.7280094611157346e-06
-540.0 -640.0 9.55498862971343e-06
-520.0 -640.0 1.4707559995693026e-05
-500.0 -640.0 4.472825281297328e-06
-480.0 -640.0 2.2135933172219642e-06
-460.0 -640.0 5.3998852217017476e-06
-440.0 -640.0 9.738157903580467e-06
-420.0 -640.0 5.037608580336188e-06
-400.0 -640.0 3.426598343518726e-05
-380.0 -640.0 7.7618471918783e-06
-360.0 -640.0 0.00011868222450267804
-340.0 -640.0 8.365551931764584e-05
-320.0 -640.0 2.3041433860676686e-05
-300.0 -640.0 3.437290492303882e-05
-280.0 -640.0 6.807033863677666e-06
-260.0 -640.0 9.003496424757657e-06
-240.0 -640.0 2.7635685486775996e-06
-220.0 -640.0 4.37803360149941e-06
-200.0 -640.0 1.1210013114330326e-06
-180.0 -640.0 5.659698350800747e-06
-160.0 -640.0 4.5290275139881236e-06
-140.0 -640.0 4.2749684188333315e-05
-120.0 -640.0 3.005732139794844e-06
-100.0 -640.0 7.44163941256299e-05
-80.0 -640.0 5.8335338313422344e-05
-60.0 -640.0 1.6663070794424916e-08
-40.0 -640.0 3.161885396293068e-06
-20.0 -640.0 3.2148893110893275e-06
0.0 -640.0 2.21716567542677e-05
20.0 -640.0 8.632804443619614e-05
40.0 -640.0 1.8479611655644723e-05
60.0 -640.0 1.768781495495335e-06
80.0 -640.0 0.00023979995449742024
100.0 -640.0 0.0007006099633150691
120.0 -640.0 0.0017489896727074048
140.0 -640.0 0.004771568495377193
160.0 -640.0 0.0043327190063902595
180.0 -640.0 0.0013429265545866849
200.0 -640.0 7.456002981316983e-05
220.0 -640.0 4.189955174602295e-05
240.0 -640.0 3.492614971140293e-05
260.0 -640.0 4.877239450420026e-06
280.0 -640.0 1.2395273099628574e-07
300.0 -640.0 7.993816152667292e-05
320.0 -640.0 4.9358419450431525e-05
340.0 -640.0 7.992702971706556e-05
360.0 -640.0 1.642134970415257e-09
380.0 -640.0 3.3412131301319685e-07
400.0 -640.0 2.5003338094946527e-05
420.0 -640.0 6.098979574532764e-06
440.0 -640.0 2.258880925051386e-05
460.0 -640.0 2.6212138672218456e-06
480.0 -640.0 0.00014489954766637352
500.0 -640.0 0.00031840383446039334
520.0 -640.0 0.0001826306039491625
540.0 -640.0 0.0013387854096353644
560.0 -640.0 0.00027957196707282904
580.0 -640.0 9.22999256035641e-05

-590.0 -660.0 3.8972262862791296e-14
-570.0 -660.0 6.239901151233231e-08
-550.0 -660.0 5.462926759337731e-06
-530.0 -660.0 2.9207381697762824e-05
-510.0 -660.0 1.5968899192190833e-05
-490.0 -660.0 3.3435704277918683e-06
-470.0 -660.0 4.194663706645204e-06
-450.0 -660.0 6.4250088096027634e-06
-430.0 -660.0 3.6883379397618043e-07
-410.0 -660.0 1.793140537184591e-05
-390.0 -660.0 6.20979913525322e-07
-370.0 -660.0 6.491934511089993e-05
-350.0 -660.0 2.5088757592423312e-05
-330.0 -660.0 3.202226953862595e-06
-310.0 -660.0 7.555843614112439e-06
-290.0 -660.0 5.2086739589403265e-08
-270.0 -660.0 1.1283934210042477e-06
-250.0 -660.0 3.2409536842144046e-08
-230.0 -660.0 1.7839803986723866e-06
-210.0 -660.0 6.634462003115685e-07
-190.0 -660.0 3.6410623681851792e-06
-170.0 -660.0 6.665829903342539e-06
-150.0 -660.0 1.2431167557124283e-05
-130.0 -660.0 2.3505309633015855e-05
-110.0 -660.0 5.7276088374700575e-05
-90.0 -660.0 6.09482167263791e-08
-70.0 -660.0 8.16226556221606e-06
-50.0 -660.0 8.560786784488259e-07
-30.0 -660.0 7.079082618953482e-06
-10.0 -660.0 0.0001287556590158746
10.0 -660.0 9.31438322914137e-05
30.0 -660.0 4.103664710601124e-06
50.0 -660.0 0.00014445928374462574
70.0 -660.0 1.9694618043261614e-05
90.0 -660.0 0.0005650617552113179
110.0 -660.0 2.863517517618229e-05
130.0 -660.0 0.00017143178197779715
150.0 -660.0 3.45505202796073e-06
170.0 -660.0 0.012142205123405593
190.0 -660.0 0.004907485357292078
210.0 -660.0 3.064027044009984e-05
230.0 -660.0 0.00040249365854836484
250.0 -660.0 4.346023674158427e-05
270.0 -660.0 0.00015065875610063506
290.0 -660.0 8.43357957547369e-06
310.0 -660.0 0.00013293825427147514
330.0 -660.0 0.0001309693052269196
350.0 -660.0 1.0390846550547986e-05
370.0 -660.0 2.190627632029827e-07
390.0 -660.0 2.1240027533393625e-06
410.0 -660.0 1.1541580045797877e-06
430.0 -660.0 7.548109020644912e-07
450.0 -660.0 8.883975997175639e-07
470.0 -660.0 6.753310329676822e-06
490.0 -660.0 2.1042745494713863e-06
510.0 -660.0 3.2211366346776144e-05
530.0 -660.0 5.4167189006741375e-05
550.0 -660.0 6.09135897671848e-06
570.0 -660.0 3.1502200813844283e-06
590.0 -660.0 2.46711326180772e-06

-580.0 -680.0 3.09242170326147e-07
-560.0 -680.0 4.236261158556362e-06
-540.0 -680.0 1.0136940718424386e-05
-520.0 -680.0 2.5998738957758963e-06
-500.0 -680.0 7.020374036596494e-07
-480.0 -680.0 6.424609837806365e-07
-460.0 -680.0 3.0837254419615046e-07
-440.0 -680.0 2.432757881809165e-07
-420.0 -680.0 5.783686464396063e-07
-400.0 -680.0 4.531285148300887e-07
-380.0 -680.0 1.2775497441566744e-05
-360.0 -680.0 5.8302668359891695e-05
-340.0 -680.0 6.666245593451978e-06
-320.0 -680.0 3.0539243227404966e-05
-300.0 -680.0 8.772134150388406e-06
-280.0 -680.0 1.1545552868640861e-05
-260.0 -680.0 4.7469337527123137e-07
-240.0 -680.0 6.965299831837578e-06
-220.0 -680.0 2.6932736225468063e-06
-200.0 -680.0 3.6908335444049504e-06
-180.0 -680.0 1.672064118292083e-05
-160.0 -680.0 1.3284716856531217e-07
-140.0 -680.0 0.00013001426944362295
-120.0 -680.0 4.4947508068140546e-05
-100.0 -680.0 4.101434520590246e-05
-80.0 -680.0 3.1849480376150526e-05
-60.0 -680.0 4.3333718637051586e-11
-40.0 -680.0 1.6374524414186703e-05
-20.0 -680.0 8.584984082735572e-06
0.0 -680.0 9.89359801975458e-05
20.0 -680.0 0.00012224054741773145
40.0 -680.0 9.31466330489749e-06
60.0 -680.0 3.2322596769823316e-05
80.0 -680.0 1.2624466495406848e-05
100.0 -680.0 4.708500886483818e-07
120.0 -680.0 1.4878008621413449e-05
140.0 -680.0 2.9577922350982554e-07
160.0 -680.0 8.003388309920346e-05
180.0 -680.0 2.990435734841202e-06
200.0 -680.0 2.6878081481700404e-05
220.0 -680.0 5.6590509612552365e-06
240.0 -680.0 7.500573016332854e-06
260.0 -680.0 1.7546979615355046e-05
280.0 -680.0 4.860069661713249e-08
300.0 -680.0 4.019869508891636e-05
320.0 -680.0 2.6586761253405316e-05
340.0 -680.0 5.091222060922804e-05
360.0 -680.0 0.0002560830447761572
380.0 -680.0 2.887894632831859e-05
400.0 -680.0 0.0028172446075444466
420.0 -680.0 0.003968582648899273
440.0 -680.0 2.416295262509578e-05
460.0 -680.0 0.0005320899058206997
480.0 -680.0 4.477043104643483e-10
500.0 -680.0 0.00012026440446196338
520.0 -680.0 1.7100698084082132e-06
540.0 -680.0 2.7136688027851603e-05
560.0 -680.0 6.169920821145354e-06
580.0 -680.0 2.5049966510236396e-07

