2233534.323121916
486174.63231152965
137895.53602950403
43458.20927000443
15468.2653983417
6541.302275806465
3406.5135152174216
2141.7027299294728
1533.447502132384
1185.1948315727475
956.9592640197765
793.659283515215
670.449624435759
574.3941358383189
497.8664163992085
435.9354834185665
385.2046704366465
343.23136266194916
308.2050248124523
278.7531902501999
253.81718802417961
232.5688774669529
214.3529236843635
198.64568692861147
185.02529059161614
173.14941972525935
162.73859013695068
153.5633663606243
145.43447993760645
138.1951106382823
131.71480261209416
125.8846311622167
120.61333630550507
115.82421069362542
111.45258102064606
107.4437597778041
103.75137219687991
100.33598421612396
97.1639732205796
94.2065954966176
91.43921375411743
88.84065539840088
86.39267798039754
84.07952278815817
81.88754114223738
79.80488082963817
77.82122241346339
75.9275570097677
74.11599862176557
72.37962533790781
70.7123446901154
69.10877927700841
67.56416941887574
66.07429015482509
64.63538033994342
63.24408196965465
61.89738816373327
60.592598495691284
59.327280563294075
58.099236871046166
56.90647624130343
55.747189092456495
54.61972602468728
53.52257923915997
52.45436638839552
51.413816515856205
50.3997577936692
49.41110681033215
48.4468591965056
47.50608140770597
46.58790350874688
45.69151282684105
44.8161483591233
43.96109583626419
43.125683357596984
42.30927752469425
41.511280010423334
40.731124508904074
39.96827401923679
39.22221842200061
38.49247231305927
37.77857306372408
37.0800790804173
36.396568240403674
35.727636483096845
35.07289653911924
34.431976781417724
33.804520184786554
33.190183381738294
32.588635804173244
31.999558901579203
31.42264542756225
30.857598787512426
30.304132441026827
29.761969353476896
29.230841491736907
28.71048935963508
28.20066156926162
27.70111444459277
27.211611654381027
26.731923871527993
26.26182845648224
25.80110916247901
25.34955586062852
24.906964283121624
24.47313578295021
24.04787710874034
23.631000193411857
23.22232195552825
22.82166411229378
22.428853003260524
22.04371942391924
21.666098468383204
21.29582938050631
20.932755412763022
20.576723692366212
20.227585094065244
19.885194119181474
19.54940878041655
19.220090492077706
18.89710396531328
18.580317108081115
18.26960092949776
17.964829448316184
17.66587960528235
17.372631179108787
17.084966705872915
16.802771401628302
16.525933088051254
16.25434212093315
15.987891321389855
15.726475909614315
15.469993441051653
15.21834374486537
14.971428864571534
14.729153000741293
14.49142245566379
14.258145579872236
14.029232720446076
13.804596171009996
13.584150123336487
13.367810620504628
13.155495511516346
12.947124407333135
12.742618638243254
12.541901212540134
12.344896776412805
12.151531575039984
11.96173341480988
11.775431626642796
11.592557030343356
11.413041899982336
11.23681993024033
11.063826203677113
10.893997158910642
10.7272705596607
10.56358546462552
10.402882198163198
10.245102321750696
10.09018860620456
9.938085004605925
9.788736625946722
9.642089709440427
9.498091599493586
9.356690721316182
9.217836557133802
9.081479623004558
8.94757144621022
8.816064543200099
8.686912398088943
8.56006944165639
8.435491030884178
8.313133428966388
8.19295378580471
8.074910118973344
7.958961295133789
7.845067011884218
7.733187780043585
7.62328490634273
7.515320476529591
7.409257338852754
7.305059087935854
7.202690049024733
7.102115262586163
7.003300469271105
6.906212095205828
6.81081723762924
6.7170836508475515
6.624979732506927
6.534474510174129
6.445537628218252
6.358139334980498
6.272250470238271
6.1878424529377245
6.104887269200938
6.023357460601077
5.943226112687165
5.864466843769611
5.7870537939409346
5.710961614348544
5.636165456688491
5.562640962931757
5.490364255279243
5.4193119263210185
5.349461029424436
5.280789069308589
5.2132739928414376
5.146894180020521
5.081628435151112
5.0174559782138335
4.954356436414928
4.892309835913216
4.831296593729943
4.771297509823672
4.712293759333814
4.654266884991609
4.597198789685496
4.541071729190681
4.485868305042426
4.431571457568552
4.378164459058272
4.325630907080776
4.273954717942881
4.223120120281964
4.17311164878997
4.123914138072477
4.075512716635342
4.027892800989316
3.9810400898901257
3.934940558680627
3.8895804537689918
3.8449462872043894
3.801024831375639
3.757803113813595
3.71526841210501
3.6734082489051816
3.632210387060181
3.5916628248228974
3.551753791173172
3.512471741228038
3.473805351750732
3.4357435167483725
3.398275343164108
3.3613901466506944
3.3250774474363234
3.2893269662719824
3.2541286204604147
3.2194725199711773
3.1853489636278614
3.1517484353760215
3.1186616006293213
3.086079302685712
3.0539925592180497
3.0223925588379306
2.9912706577238852
2.960618376325736
2.930427396125976
2.900689556475054
2.871396851486591
2.8425414269949054
2.814115577576788
2.7861117436298755
2.758522508511296
2.731340595737452
2.7045588662319404
2.6781703156381655
2.6521680716784357
2.626545391571689
2.6012956594992387
2.576412384123323
2.5518891961547183
2.5277198459703545
2.503898201275567
2.4804182448168737
2.457274072138145
2.434459889382817
2.4119700111395828
2.389798858330867
2.3679409561439178
2.346390932001784
2.325143513579064
2.3041935268514777
2.2835358941871857
2.26316563247704
2.2430778513012646
2.2232677511306647
2.2037306215662484
2.18446183961341
2.1654568679878587
2.1467112534611874
2.128220625230058
2.1099806933278837
2.091987247059257
2.0742361534718095
2.0567233558547944
2.0394448722693785
2.022396794105738
2.0055752846706003
1.9889765778030095
1.972596976516065
1.9564328516645757
1.94048064064492
1.9247368461105139
1.90919803472266
1.8938608359206113
1.8787219407146007
1.8637781005095413
1.8490261259437022
1.834462885755772
1.8200853056709632
1.8058903673125137
1.7918751071318637
1.7780366153585254
1.7643720349771796
1.750878560714453
1.7375534380576556
1.724393962281603
1.7113974775025849
1.6985613757473565
1.6858830960385303
1.6733601235044924
1.6609899884987327
1.648770265741341
1.6366985734780015
1.6247725726503675
1.6129899660890759
1.6013484977171968
1.5898459517712142
1.5784801520405354
1.5672489611142006
1.556150279650801
1.5451820456555776
1.5343422337776584
1.5236288546157735
1.5130399540400832
1.5025736125286573
1.492227944511789
1.4820010977371811
1.4718912526372425
1.4618966217185234
1.4520154489565396
1.4422460092048182
1.432586607614607
1.4230355790679656
1.413591287618002
1.4042521259441838
1.3950165148138498
1.385882902558332
1.376849764557502
1.3679156027331922
1.3590789450529661
1.350338345046028
1.3416923813243786
1.3331396571152683
1.3246787998051563
1.3163084604860187
1.3080273135183729
1.2998340560957236
1.2917274078221337
1.283706110295732
1.2757689266999184
1.2679146414052374
1.260142059575188
1.2524500067819702
1.2448373286291121
1.2373028903813605
1.2298455766009413
1.2224642907930272
1.2151579550547602
1.2079255097328185
1.200765913089458
1.1936781409705863
1.1866611864831922
1.1797140596791773
1.1728357872439976
1.1660254121907832
1.159281993562306
1.1526046061372295
1.1459923401411076
1.139444300966461
1.1329596088940392
1.1265373988204852
1.1201768199942472
1.113877035752474
1.1076372232642089
1.101456573280745
1.0953342898869625
1.0892695902602296
1.083261704433072
1.0773098750594083
1.071413357187321
1.0655714180338594
1.0597833367649219
1.054048404280768
1.0483659230032971
1.0427352066694118
1.037155580124997
1.0316263791287772
1.026146950152904
1.0207166501921394
1.015334846575583
1.0100009167796618
1.0047142482488225
0.9994742382157146
0.994280293526216
0.9891318304693593
0.9840282746068333
0.9789690606103828
0.9739536320976026
0.9689814414732019
0.9640519497744652
0.95916462651699
0.9543189495439176
0.9495144048801896
0.9447504865862292
0.940026696617068
0.9353425446833651
0.9306975481128209
0.9260912317186676
0.9215231276664642
0.9169927753456595
0.9124997212414137
0.9080435188125395
0.9036237283679232
0.8992399169468372
0.8948916582022324
0.8905785322844413
0.8863001257287988
0.8820560313437358
0.8778458481023133
0.8736691810353759
0.8695256411257265
0.8654148452058933
0.8613364158570229
0.8572899813079947
0.853275175340406
0.8492916371910363
0.8453390114590535
0.8414169480132674
0.8375251019012087
0.8336631332622735
0.8298307072382161
0.8260274938892899
0.8222531681097357
0.8185074095449184
0.814789902511046
0.8111003359159387
0.8074384031798415
0.8038038021601842
0.8001962350762091
0.796615408434762
0.7930610329580714
0.7895328235128595
0.786030499040404
0.7825537824879256
0.779102400741652
0.77567608456048
0.7722745685110427
0.7688975909048386
0.7655448937344831
0.7622162226138642
0.7589113267159732
0.7556299587160729
0.7523718747315714
0.7491368342659429
0.7459246001527079
0.7427349385007054
0.7395676186392517
0.73642241306577
0.733299097393603
0.7301974503008233
0.7271172534802927
0.7240582915898496
0.7210203522045596
0.7180032257683203
0.7150067055479216
0.7120305875871619
0.7090746706611382
0.7061387562328045
0.7032226484087527
0.7003261538974085
0.6974490819667575
0.6945912444028091
0.6917524554692652
0.6889325318689227
0.6861312927029243
0.6833485594338564
0.6805841558474679
0.6778379080154584
0.6751096442603222
0.6723991951183443
0.669706393305295
0.6670310736815965
0.664373073219174
0.6617322309677702
0.6591083880221249
0.6565013874904693
0.6539110744625704
0.6513372959789213
0.648779901000714
0.6462387403790312
0.6437136668269635
0.6412045348888424
0.6387112009140596
0.6362335230272256
0.6337713611025505
0.6313245767356419
0.628893033217773
0.6264765955099891
0.6240751302169019
0.6216885055626128
0.6193165913654594
0.6169592590134012
0.6146163814417763
0.6122878331082596
0.6099734899703606
0.607673229463875
0.6053869304787705
0.603114473339531
0.6008557397816451
0.5986106129326394
0.596378977289044
0.5941607186981995
0.5919557243367893
0.589763882691869
0.587585083541181
0.5854192179347307
0.5832661781750489
0.581125857799873
0.5789981515635574
0.5768829554190285
0.5747801665014809
0.5726896831098008
0.5706114046903684
0.5685452318208566
0.5664910661931538
0.5644488105977834
0.5624183689079629
0.5603996460642685
0.5583925480590357
0.5563969819216591
0.5544128557041346
0.5524400784654242
0.5504785602588148
0.5485282121165449
0.5465889460368595
0.5446606749695891
0.5427433128036534
0.5408367743537612
0.5389409753469053
0.5370558324105706
0.5351812630595446
0.5333171856834831
0.5314635195359007
0.5296201847215438
0.5277871021841385
0.52596419369604
0.5241513818462
0.5223485900292131
0.5205557424344043
0.5187727640349776
0.5169995805775457
0.5152361185711953
0.5134823052784451
0.5117380687035887
0.5100033375838341
0.5082780413789495
0.5065621102625099
0.504855475110672
0.5031580674953202
0.5014698196725721
0.4997906645752756
0.49812053580319393
0.4964593676151055
0.4948070949196015
0.49316365326651324
0.49152897883937263
0.48990300844609713
0.48828567951197055
0.4866769300708731
0.48507669875818493
0.483484924802219
0.4819015480175921
0.48032650879694144
0.47875974810400124
0.4772012074667087
0.47565082896893784
0.4741085552446584
0.4725743294705794
0.47104809535893993
0.46952979715174914
0.46801937961328405
0.46651678802436747
0.4650219681747919
0.46353486635899194
0.4620554293673696
0.46058360448258956
0.459119339471365
0.45766258258041537
0.4562132825296924
0.4547713885067072
0.45333685016073333
0.45190961759768045
0.45048964137400554
0.4490768724918297
0.4476712623938584
0.4462727629567589
0.4448813264878212
0.443496905718024
0.44211945379905576
0.44074892429636026
0.43938527118512993
0.43802844884604764
0.4366784120599092
0.43533511600274377
0.4339985162416851
0.43266856873046355
0.43134522980439016
0.43002845617686664
0.42871820493390655
0.42741443353103425
0.42611709978816126
0.42482616188597083
0.4235415783612398
0.4222633081037739
0.420991310351731
0.4197255446872336
0.41846597103376204
0.4172125496511339
0.4159652411330463
0.4147240064018008
0.4134888067059181
0.41225960361593716
0.411036359021025
0.40981903512528944
0.4086075944449651
0.4074019998040662
0.4062022143314984
0.4050082014581945
0.403819924912986
0.40263734871998436
0.40146043719504315
0.4002891549433795
0.39912346685477057
0.39796333810275075
0.3968087341402565
0.39565962069616034
0.39451596377410714
0.3933777296481368
0.3922448848600185
0.3911173962173239
0.3899952307896303
0.3888783559064835
0.3877667391542046
0.3866603483737357
0.38555915165721866
0.3844631173465454
0.38337221402989086
0.382286410539475
0.3812056759489034
0.3801299795714005
0.37905929095605784
0.37799357988694143
0.37693281637984927
0.3758769706799508
0.37482601325988096
0.37377991481714756
0.3727386462720571
0.37170217876551664
0.3706704836570502
0.3696435325216554
0.36862129714905884
0.36760374954057484
0.36659086190766715
0.3655826066694695
0.36457895645110905
0.3635798840811877