2697539.7522296794
1582080.1687198593
1200617.9666331427
960803.7572157779
787734.9342884531
655065.1764467082
549892.2359834997
464747.25997759856
394826.43636493414
336811.75592645624
288295.38116025826
247467.93495945042
212934.9200604789
183601.00021812087
158593.02871105346
137206.6659696196
118868.14022662118
103106.152930713
89530.81466555435
77817.5866716424
67694.86502547935
58934.26406574935
51342.93096380445
44757.40922260576
39038.69737762912
34068.23974492485
29744.650979528007
25981.023418857443
22702.700966019693
19845.42919061398
17353.81085262066
15180.010911302561
13282.666487286944
11625.96607851284
10178.869225193466
8914.443241118748
7809.297923027482
6843.102573533095
5998.172419714007
5259.113725798293
4612.51869662838
4046.7027352022415
3551.4778195657746
3117.956753951041
2738.383867374289
2405.9884123407237
2114.857482597795
1859.8257425871468
1636.3796588614518
1440.5742585505543
1268.960722753929
1118.5233622634037
986.6247264414985
870.9577692672441
769.5041443502187
680.497827101559
602.3933705548075
533.8381943099243
473.6483860377291
420.7875638608688
374.3484073463966
333.53651617220146
297.6562999233007
266.0986409144158
238.33010525630016
213.88350629408035
192.3496496528915
173.37011094686056
156.63091618641755
141.8570114369382
128.8074226669245
117.2710192584324
107.06280557997547
98.02067455304665
90.00256545960393
82.88397549696226
76.55578092489823
70.92232918621377
65.89976821893077
61.414583405460974
57.40231629908506
53.80644249860406
50.57738886687605
47.67167275975011
45.05114809300288
42.68234496570713
40.535891212756916
38.586005706939055
36.810054497826975
35.18816198364937
33.70287028286699
32.33884082171433
31.08259289792406
29.922274631802583
28.847462286112723
27.848984435310665
26.91876790180117
26.04970275961258
25.23552404104817
24.470708075395063
23.750381645762737
23.07024237528462
22.42648895099124
21.81575996637765
21.235080314891793
20.68181419898934
20.153623935448326
19.64843383920387
19.16439855699172
18.699875300015655
18.25339949314775
17.823663417971353
17.40949747938196
17.009853771317104
16.623791657414774
16.250465117634867
15.889111642621122
15.539042484751647
15.199634098364385
14.870320622452592
14.550587277283299
14.239964562252755
13.93802315632873
13.644369434538719
13.358641524738271
13.08050583822794
12.809654016029768
12.545800239776462
12.288678862545705
12.03804232042707
11.793659290479956
11.555313064990019
11.322800115602133
11.095928824232514
10.874518360433356
10.658397687465197
10.447404681450685
10.241385349941453
10.04019313792129
9.843688310695887
9.651737404469428
9.464212736486921
9.280991967659586
9.101957711420075
8.926997183353876
8.75600188678976
8.588867330137955
8.42549277226985
8.265780992690694
8.109638083645734
7.956973261632542
7.807698696149383
7.661729353689999
7.518982855315958
7.379379346278449
7.242841376382813
7.109293789925287
6.978663624164265
6.85088001544569
6.725874112156779
6.603578993825556
6.483929595734811
6.36686263849234
6.252316562093726
6.140231464026168
6.030549041036599
5.923212534244957
5.818166677266512
5.715357647113848
5.6147330176208445
5.516241715176686
5.419833976595471
5.325461308936055
5.2330764511362995
5.142633337323306
5.054087061666372
4.967393844683327
4.882511000895979
4.799396907730972
4.718010975612239
4.638313619154636
4.560266229400254
4.483831147028578
4.408971636512249
4.335651861125049
4.263836858803955
4.193492518786936
4.124585559012619
4.0570835042268065
3.9909546647802863
3.9261681160794173
3.8626936786519286
3.800501898831784
3.7395640299896855
3.6798520143473716
3.6213384652960223
3.5639966502389995
3.507800473917311
3.4527244622193853
3.398743746429642
3.345834047937364
3.2939716633537035
3.2431334500502973
3.1932968120897742
3.1444396865405504
3.0965405301688596
3.0495783064799102
3.0035324731166386
2.958382969593492
2.9141102053561125
2.8706950481592712
2.8281188127506005
2.786363249856796
2.7454105354536327
2.705243260323478
2.6658444198797184
2.6271974042621866
2.589285988681194
2.552094324022807
2.5156069276855457
2.4798086746637145
2.444684788850477
2.4102208345714216
2.376402708329826
2.343216630765024
2.310649138816847
2.278687078085999
2.247317595389971
2.2165281315087566
2.18630641411362
2.1566404508712993
2.1275185227258624
2.098929177349261
2.0708612227518484
2.043303721058434
2.0162459824387113
1.989677559188897
1.96358823995603
1.9379680441193885
1.9128072162967404
1.8880962209952885
1.863825737396848
1.8399866542644128
1.8165700649839007
1.7935672627213004
1.7709697357033807
1.7487691626123143
1.7269574080979184
1.7055265183923796
1.6844687170421473
1.66377640073601
1.6434421352423767
1.6234586514415008
1.6038188414542116
1.5845157548721671
1.565542595068629
1.546892715608537
1.5285596167444768
1.51053694199286
1.492818474797782
1.4753981352756447
1.458269977035092
1.44142818407981
1.424867067780529
1.40858106392306
1.392564729825965
1.376812741532296
1.3613198910615951
1.3460810837345667
1.3310913355571825
1.3163457706730126
1.3018396188706511
1.2875682131562123
1.2735269873794133
1.2597114739204935
1.2461173014291207
1.2327401926218977
1.2195759621245057
1.2066205143750648
1.1938698415694877
1.1813200216601678
1.1689672163997522
1.1568076694355276
1.1448377044410647
1.1330537233033222
1.1214522043420583
1.1100297005776476
1.098782838038158
1.087708314107014
1.0768028959094673
1.0660634187341311
1.055486784498637
1.0450699602452882
1.0348099766732068
1.024703926708628
1.0147489641030192
1.00494230207106
0.9952812119527101
0.9857630219145779
0.9763851156741856
0.9671449312618972
0.9580399598041833
0.9490677443408575
0.9402258786670707
0.931512006204106
0.9229238188945794
0.914459056125305
0.9061155036729007
0.8978909926777923
0.8897833986379781
0.8817906404268128
0.8739106793374873
0.8661415181436959
0.858481200188479
0.8509278084864977
0.8434794648555796
0.8361343290619871
0.8288905979872719
0.8217465048166477
0.8147003182408595
0.8077503416833345
0.8008949125389379
0.7941324014329244
0.7874612114990373
0.7808797776679803
0.7743865659798713
0.7679800729071784
0.7616588246928933
0.7554213767090621
0.7492663128244357
0.7431922447887273
0.737197811631414
0.7312816790737603
0.7254425389539825
0.7196791086652026
0.7139901306079413
0.7083743716526529
0.7028306226168791
0.6973576977505476
0.6919544342388313
0.68661969170996
0.6813523517586375
0.6761513174775
0.6710155130017039
0.6659438830617463
0.6609353925461754
0.6559890260755893
0.6511037875864633
0.6462786999224162
0.6415128044360987
0.6368051605994419
0.6321548456235385
0.6275609540849536
0.623022597563361
0.6185389042855778
0.6141090187755052
0.6097321015178585
0.605407328621564
0.6011338914978968
0.5969109965411198
0.592737864817495
0.5886137317622178
0.584537846881736
0.5805094734632058
0.5765278882905065
0.5725923813664844
0.5687022556406158
0.5648568267448876
0.5610554227317
0.5572973838212125
0.5535820621531135
0.5499088215425294
0.5462770372425634
0.5426860957125978
0.5391353943894488
0.5356243414662941
0.5321523556743654
0.5287188660705547
0.5253233118291174
0.5219651420372273
0.518643815497387
0.5153588005316669
0.5121095747900043
0.5088956250664411
0.505716447113995
0.5025715454674143
0.49946043326840917
0.4963826320951633
0.4933376717941728
0.4903250903174944
0.48734443356244744
0.4843952552153019
0.4814771165970637
0.47858958651527833
0.4757322411153926
0.47290466373791845
0.4701064447788914
0.46733718155039317
0.4645964781482204
0.46188394531728894
0.45919920032600925
0.45654186683735515
0.45391157478732874
0.4513079602620516
0.4487306653817882
0.44617933818299366
0.4436536325065942
0.44115320788562945
0.43867772943731087
0.4362268677567103
0.43380029881251614
0.4313977038443138
0.4290187692647759
0.42666318655914226
0.42433065219222676
0.42202086751270185
0.419733538662346
0.4174683764858744
0.4152250964436368
0.41300341852442257
0.41080306716155196
0.4086237711507055
0.4064652635683297
0.4043272816929268
0.4022095669267932
0.40011186472082194
0.39803392449995856
0.3959754995886042
0.3939363471423051
0.39191622807462023
0.3899149069909195
0.3879321521197681
0.3859677352476497
0.3840214316549563
0.382093020051807
0.38018228251708286
0.3782890044379764
0.37641297444966465
0.37455398437766135
0.3727118291811403
0.370886306896221
0.36907721858196113
0.3672843682666515
0.36550756289441466
0.36374661227490585
0.3620013290317637
0.3602715285540491
0.35855702894628716
0.3568576509827798
0.3551732180599693
0.3535035561503098
0.35184849375831706
0.35020786187609787
0.3485814939413129
0.3469692257936213
0.3453708956337529
0.3437863439837938
0.34221541364608704
0.34065794966535323
0.3391137992897407
0.3375828119335662
0.33606483914086066
0.3345597345489465
0.33306735385293806
0.33158755477160734
0.33012019701268924
0.3286651422401789
0.3272222540416942
0.3257913978950274
0.3243724411389426
0.32296525293998124
0.32156970426381914
0.3201856678449219
0.3188130181574375
0.31745163138610183
0.3161013853997372
0.31476215972171395
0.31343383550458404
0.31211629550229114
0.31080942404536915
0.30951310701473
0.3082272318163396
0.3069516873576436
0.3056863640221548
0.30443115364723494
0.3031859494994329
0.30195064625294515
0.30072513996632144
0.2995093280607972
0.29830310929881326
0.29710638376302734
0.29591905283485614
0.2947410191747607
0.29357218670221014
0.2924124605752995
0.2912617471722806
0.2901199540722171
0.2889869900359586
0.28786276498891356
0.286747190002218
0.285640177275211
0.2845416401183972
0.2834514929362279
0.28236965121078467
0.28129603148484483
0.2802305513463849
0.27917312941169753
0.27812368531101966
0.2770821396727739
0.2760484141084107
0.2750224311979325
0.27400411447533307
0.2729933884140883
0.2719901784140598
0.27099441078619924