30 60
-354 -100 0 0.211972
-342 -100 0 0.196778
-330 -100 0 0.181036
-318 -100 0 0.164818
-306 -100 0 0.147746
-294 -100 0 0.130104
-282 -100 0 0.111756
-270 -100 0 0.0924181
-258 -100 0 0.0724232
-246 -100 0 0.0513836
-234 -100 0 0.0291999
-222 -100 0 0.00602508
-210 -100 0 0
-198 -100 0 0
-186 -100 0 0
-174 -100 0 0
-162 -100 0 0
-150 -100 0 0
-138 -100 0 0
-126 -100 0 0
-114 -100 0 0
-102 -100 0 0
-90 -100 0 0
-78 -100 0 0
-66 -100 0 0
-54 -100 0 0
-42 -100 0 0
-30 -100 0 0
-18 -100 0 0
-6 -100 0 0
6 -100 0 0
18 -100 0 0
30 -100 0 0
42 -100 0 0
54 -100 0 0
66 -100 0 0
78 -100 0 0
90 -100 0 0
102 -100 0 0
114 -100 0 0
126 -100 0 0
138 -100 0 0.0222773
150 -100 0 0.046464
162 -100 0 0.0699054
174 -100 0 0.0925693
186 -100 0 0.114545
198 -100 0 0.135996
210 -100 0 0.156634
222 -100 0 0.176689
234 -100 0 0.196121
246 -100 0 0.214971
258 -100 0 0.233135
270 -100 0 0.250794
282 -100 0 0.267766
294 -100 0 0.284169
306 -100 0 0.299924
318 -100 0 0.31517
330 -100 0 0.330022
342 -100 0 0.344203
354 -100 0 0.357876
-354 -112 0.0613447 0.247688
-342 -112 0.0628733 0.225139
-330 -112 0.0644418 0.200921
-318 -112 0.0660553 0.181003
-306 -112 0.0678034 0.160343
-294 -112 0.069587 0.138774
-282 -112 0.0714905 0.123048
-270 -112 0.0734617 0.111464
-258 -112 0.0755101 0.0976307
-246 -112 0.0776221 0.081172
-234 -112 0.0799614 0.0666683
-222 -112 0.0823368 0.067921
-210 -112 0.0848399 0.067134
-198 -112 0.0875327 0.0641116
-186 -112 0.0902474 0.0589582
-174 -112 0.0930938 0.05157
-162 -112 0.0961171 0.0424344
-150 -112 0.0991661 0.0304765
-138 -112 0.102309 0.0162765
-126 -112 0.105483 0.00696998
-114 -112 0.108827 0.0044403
-102 -112 0.112104 0.0147322
-90 -112 0.115345 0.0236066
-78 -112 0.11858 0.0287232
-66 -112 0.121612 0.0276404
-54 -112 0.129253 0.0231239
-42 -112 0.139772 0.0222798
-30 -112 0.148579 0.0244697
-18 -112 0.155454 0.0330045
-6 -112 0.160497 0.0448613
6 -112 0.163532 0.0547087
18 -112 0.164981 0.0642975
30 -112 0.164734 0.0707018
42 -112 0.163269 0.0724666
54 -112 0.160849 0.0685936
66 -112 0.157681 0.0591452
78 -112 0.154048 0.0447511
90 -112 0.150058 0.0263445
102 -112 0.145913 0.0049739
114 -112 0.141846 0
126 -112 0.137844 0
138 -112 0.133849 0.0198273
150 -112 0.130086 0.0641175
162 -112 0.126374 0.10684
174 -112 0.122938 0.143597
186 -112 0.119663 0.174979
198 -112 0.116571 0.202056
210 -112 0.114479 0.225105
222 -112 0.113257 0.244855
234 -112 0.112205 0.261692
246 -112 0.111157 0.276117
258 -112 0.11016 0.288541
270 -112 0.10922 0.299062
282 -112 0.108389 0.315084
294 -112 0.107507 0.335658
306 -112 0.106676 0.35521
318 -112 0.105906 0.373665
330 -112 0.105182 0.391208
342 -112 0.104486 0.407871
354 -112 0.103823 0.423828
-354 -124 0.0623917 0.254568
-342 -124 0.0638776 0.237388
-330 -124 0.0654244 0.219431
-318 -124 0.0670677 0.200707
-306 -124 0.068822 0.181312
-294 -124 0.0705974 0.160889
-282 -124 0.0724015 0.139683
-270 -124 0.0744763 0.11786
-258 -124 0.0765157 0.0948405
-246 -124 0.078657 0.0931828
-234 -124 0.0808368 0.0980465
-222 -124 0.0832656 0.101595
-210 -124 0.0857327 0.103575
-198 -124 0.0883125 0.104018
-186 -124 0.0910179 0.103022
-174 -124 0.0936831 0.100915
-162 -124 0.0966266 0.0964536
-150 -124 0.0996564 0.0764576
-138 -124 0.102607 0.0601849
-126 -124 0.105835 0.0475111
-114 -124 0.109004 0.0495756
-102 -124 0.112159 0.0555126
-90 -124 0.115247 0.0595398
-78 -124 0.118433 0.0600525
-66 -124 0.123228 0.0551333
-54 -124 0.13375 0.0571081
-42 -124 0.142826 0.0642674
-30 -124 0.150717 0.0747279
-18 -124 0.156934 0.0906639
-6 -124 0.161539 0.102545
6 -124 0.164496 0.103391
18 -124 0.166043 0.104429
30 -124 0.16615 0.103791
42 -124 0.16517 0.0999521
54 -124 0.163217 0.0922533
66 -124 0.160674 0.0804109
78 -124 0.157498 0.064797
90 -124 0.154008 0.0460239
102 -124 0.150377 0.0247725
114 -124 0.146623 0.0033853
126 -124 0.142886 0.0305418
138 -124 0.139154 0.0595576
150 -124 0.135451 0.0807119
162 -124 0.131934 0.113428
174 -124 0.128614 0.148587
186 -124 0.125412 0.179012
198 -124 0.122395 0.205315
210 -124 0.119423 0.227987
222 -124 0.11673 0.247697
234 -124 0.115582 0.264556
246 -124 0.114524 0.279119
258 -124 0.113474 0.291526
270 -124 0.112539 0.307401
282 -124 0.111614 0.328056
294 -124 0.110753 0.347755
306 -124 0.10991 0.366292
318 -124 0.109146 0.384016
330 -124 0.10837 0.4009
342 -124 0.107683 0.41693
354 -124 0.106928 0.432175
-354 -136 0.0634502 0.271034
-342 -136 0.0648795 0.254586
-330 -136 0.0665026 0.237849
-318 -136 0.0681314 0.220014
-306 -136 0.0698192 0.201846
-294 -136 0.0715514 0.182733
-282 -136 0.0734502 0.162999
-270 -136 0.0754114 0.146229
-258 -136 0.0773933 0.14331
-246 -136 0.0795278 0.141842
-234 -136 0.0817426 0.141833
-222 -136 0.0840772 0.143102
-210 -136 0.0864508 0.145454
-198 -136 0.0890079 0.148875
-186 -136 0.0916616 0.152234
-174 -136 0.0943625 0.155271
-162 -136 0.0972149 0.132499
-150 -136 0.0999962 0.111172
-138 -136 0.103019 0.0926841
-126 -136 0.106044 0.0833676
-114 -136 0.109104 0.086614
-102 -136 0.112124 0.0888989
-90 -136 0.115146 0.0893099
-78 -136 0.1183 0.0863525
-66 -136 0.127946 0.0788522
-54 -136 0.137212 0.0907372
-42 -136 0.145404 0.104261
-30 -136 0.15227 0.120994
-18 -136 0.15786 0.142574
-6 -136 0.162062 0.155355
6 -136 0.16502 0.149272
18 -136 0.16653 0.143557
30 -136 0.166977 0.137041
42 -136 0.166284 0.128418
54 -136 0.164923 0.117223
66 -136 0.162739 0.103055
78 -136 0.160158 0.0860658
90 -136 0.157129 0.0677174
102 -136 0.153822 0.0612985
114 -136 0.150416 0.059779
126 -136 0.146872 0.0645382
138 -136 0.143542 0.0970007
150 -136 0.140067 0.121781
162 -136 0.136654 0.134933
174 -136 0.133529 0.158169
186 -136 0.130359 0.186892
198 -136 0.127401 0.212112
210 -136 0.124448 0.233924
222 -136 0.121725 0.253118
234 -136 0.119079 0.269679
246 -136 0.11734 0.283979
258 -136 0.116422 0.301002
270 -136 0.115453 0.321546
282 -136 0.11456 0.34115
294 -136 0.113696 0.359894
306 -136 0.112803 0.377589
318 -136 0.11204 0.394586
330 -136 0.111268 0.410726
342 -136 0.110582 0.42605
354 -136 0.109754 0.44069
-354 -148 0.0644767 0.287263
-342 -148 0.0659565 0.271739
-330 -148 0.067534 0.255754
-318 -148 0.0691376 0.239257
-306 -148 0.0708413 0.22213
-294 -148 0.0726107 0.204228
-282 -148 0.074409 0.196327
-270 -148 0.0763135 0.192764
-258 -148 0.0783081 0.190087
-246 -148 0.0804989 0.188647
-234 -148 0.0825883 0.187958
-222 -148 0.0849511 0.188329
-210 -148 0.0872699 0.189997
-198 -148 0.0897696 0.197748
-186 -148 0.0922437 0.205162
-174 -148 0.0949753 0.184063
-162 -148 0.097631 0.159348
-150 -148 0.100441 0.136687
-138 -148 0.103277 0.115667
-126 -148 0.106202 0.116393
-114 -148 0.109177 0.117008
-102 -148 0.112098 0.116565
-90 -148 0.114926 0.1142
-78 -148 0.122571 0.108802
-66 -148 0.131699 0.106654
-54 -148 0.139931 0.123559
-42 -148 0.147206 0.142165
-30 -148 0.153485 0.163744
-18 -148 0.158568 0.189656
-6 -148 0.162459 0.203907
6 -148 0.165186 0.19227
18 -148 0.166766 0.181261
30 -148 0.167296 0.169834
42 -148 0.167089 0.15739
54 -148 0.165928 0.145244
66 -148 0.164199 0.133081
78 -148 0.162056 0.122292
90 -148 0.1594 0.113834
102 -148 0.156566 0.108836
114 -148 0.15355 0.107609
126 -148 0.150231 0.110199
138 -148 0.147094 0.121628
150 -148 0.143906 0.156029
162 -148 0.140815 0.17671
174 -148 0.137686 0.183782
186 -148 0.134679 0.198458
198 -148 0.131737 0.222068
210 -148 0.128895 0.242889
222 -148 0.12619 0.261166
234 -148 0.123558 0.276982
246 -148 0.121072 0.296041
258 -148 0.11896 0.316444
270 -148 0.118068 0.335861
282 -148 0.117162 0.354427
294 -148 0.116248 0.372127
306 -148 0.11547 0.389047
318 -148 0.114619 0.405201
330 -148 0.113845 0.42053
342 -148 0.113109 0.435275
354 -148 0.112403 0.449327
-354 -160 0.0655395 0.303186
-342 -160 0.0669297 0.28853
-330 -160 0.0684784 0.273476
-318 -160 0.0701383 0.258012
-306 -160 0.0718147 0.24551
-294 -160 0.073568 0.240378
-282 -160 0.0754197 0.235993
-270 -160 0.0773164 0.232352
-258 -160 0.0793006 0.229655
-246 -160 0.0813758 0.227613
-234 -160 0.0834269 0.226279
-222 -160 0.085707 0.227477
-210 -160 0.0879752 0.238302
-198 -160 0.0903946 0.24938
-186 -160 0.092978 0.23116
-174 -160 0.0955391 0.20416
-162 -160 0.098123 0.178502
-150 -160 0.10086 0.154129
-138 -160 0.103573 0.144791
-126 -160 0.106304 0.143757
-114 -160 0.10917 0.1423
-102 -160 0.111972 0.139671
-90 -160 0.117731 0.135164
-78 -160 0.126665 0.128213
-66 -160 0.134728 0.134635
-54 -160 0.14218 0.155335
-42 -160 0.148814 0.177936
-30 -160 0.154391 0.203217
-18 -160 0.158962 0.232279
-6 -160 0.162603 0.248282
6 -160 0.165129 0.232191
18 -160 0.166769 0.217039
30 -160 0.167496 0.201782
42 -160 0.167431 0.185795
54 -160 0.166621 0.175224
66 -160 0.165225 0.166426
78 -160 0.163329 0.158526
90 -160 0.161124 0.152322
102 -160 0.158638 0.148683
114 -160 0.155902 0.14794
126 -160 0.152926 0.150412
138 -160 0.15013 0.15631
150 -160 0.147091 0.173041
162 -160 0.144136 0.208508
174 -160 0.141269 0.225449
186 -160 0.138283 0.227405
198 -160 0.135492 0.235028
210 -160 0.132804 0.254379
222 -160 0.130192 0.271739
234 -160 0.127605 0.29247
246 -160 0.125217 0.312573
258 -160 0.12291 0.331724
270 -160 0.120552 0.35003
282 -160 0.119411 0.367517
294 -160 0.118658 0.384336
306 -160 0.117812 0.400324
318 -160 0.116966 0.41585
330 -160 0.116196 0.430526
342 -160 0.115519 0.444668
354 -160 0.114712 0.458169
-354 -172 0.0665275 0.318871
-342 -172 0.0680079 0.305059
-330 -172 0.0695379 0.290887
-318 -172 0.0711367 0.2844
-306 -172 0.072829 0.278752
-294 -172 0.0745613 0.273759
-282 -172 0.0763715 0.269464
-270 -172 0.0782402 0.265737
-258 -172 0.0801872 0.262634
-246 -172 0.0822294 0.260094
-234 -172 0.0842797 0.261475
-222 -172 0.086455 0.274938
-210 -172 0.0887199 0.28872
-198 -172 0.0911381 0.274214
-186 -172 0.0935441 0.245496
-174 -172 0.0960526 0.217773
-162 -172 0.0985101 0.190938
-150 -172 0.101172 0.171554
-138 -172 0.103762 0.169117
-126 -172 0.106523 0.166582
-114 -172 0.109172 0.163392
-102 -172 0.113301 0.159052
-90 -172 0.121938 0.153148
-78 -172 0.130008 0.145054
-66 -172 0.137386 0.162162
-54 -172 0.144046 0.185916
-42 -172 0.149967 0.211615
-30 -172 0.155061 0.239714
-18 -172 0.159193 0.270979
-6 -172 0.162614 0.28871
6 -172 0.16502 0.269406
18 -172 0.166579 0.250676
30 -172 0.167425 0.232354
42 -172 0.167509 0.213637
54 -172 0.167022 0.200239
66 -172 0.165878 0.194322
78 -172 0.16427 0.188739
90 -172 0.162402 0.184597
102 -172 0.160176 0.182357
114 -172 0.157779 0.182264
126 -172 0.155165 0.184918
138 -172 0.152512 0.190154
150 -172 0.149751 0.198086
162 -172 0.146941 0.219225
174 -172 0.144213 0.255214
186 -172 0.141483 0.268788
198 -172 0.138853 0.267089
210 -172 0.136289 0.270784
222 -172 0.133787 0.290897
234 -172 0.131224 0.310153
246 -172 0.1288 0.328862
258 -172 0.126609 0.346909
270 -172 0.124344 0.364129
282 -172 0.122153 0.380729
294 -172 0.120695 0.396586
306 -172 0.119934 0.411797
318 -172 0.119124 0.426505
330 -172 0.118308 0.440524
342 -172 0.117557 0.453963
354 -172 0.116941 0.466938
-354 -184 0.0675382 0.33422
-342 -184 0.0689711 0.32483
-330 -184 0.0705317 0.318444
-318 -184 0.0721291 0.312506
-306 -184 0.0737581 0.307094
-294 -184 0.0754711 0.302134
-282 -184 0.0772633 0.297708
-270 -184 0.0790836 0.293677
-258 -184 0.0810334 0.290154
-246 -184 0.0829906 0.292539
-234 -184 0.0850789 0.308105
-222 -184 0.0872571 0.324027
-210 -184 0.089438 0.313304
-198 -184 0.0917447 0.283544
-186 -184 0.0941156 0.254561
-174 -184 0.096484 0.226015
-162 -184 0.0989832 0.198196
-150 -184 0.101426 0.193019
-138 -184 0.104009 0.189449
-126 -184 0.106601 0.185688
-114 -184 0.109614 0.181178
-102 -184 0.117658 0.175605
-90 -184 0.125453 0.168634
-78 -184 0.132794 0.16403
-66 -184 0.139428 0.188923
-54 -184 0.145574 0.215091
-42 -184 0.150887 0.243077
-30 -184 0.155483 0.27323
-18 -184 0.159337 0.306428
-6 -184 0.162494 0.32556
6 -184 0.164772 0.303646
18 -184 0.166383 0.282399
30 -184 0.167225 0.261521
42 -184 0.167427 0.240533
54 -184 0.167039 0.221377
66 -184 0.166271 0.217777
78 -184 0.164961 0.214352
90 -184 0.163369 0.211901
102 -184 0.16144 0.210796
114 -184 0.159305 0.211579
126 -184 0.156887 0.214302
138 -184 0.154501 0.219342
150 -184 0.151984 0.226666
162 -184 0.149478 0.23612
174 -184 0.146876 0.261256
186 -184 0.144383 0.297283
198 -184 0.141864 0.307797
210 -184 0.139256 0.306499
222 -184 0.136824 0.309504
234 -184 0.134434 0.327456
246 -184 0.132117 0.344894
258 -184 0.129865 0.361767
270 -184 0.127768 0.378063
282 -184 0.125708 0.393723
294 -184 0.123574 0.40873
306 -184 0.121698 0.423095
318 -184 0.120964 0.437174
330 -184 0.120219 0.450446
342 -184 0.119499 0.463342
354 -184 0.11882 0.475623
-354 -196 0.0684756 0.355276
-342 -196 0.069974 0.348664
-330 -196 0.0714693 0.342368
-318 -196 0.0730573 0.336665
-306 -196 0.0746761 0.331163
-294 -196 0.0764031 0.32616
-282 -196 0.0781673 0.321519
-270 -196 0.0799073 0.317025
-258 -196 0.0818936 0.321171
-246 -196 0.0838034 0.338204
-234 -196 0.0858906 0.356017
-222 -196 0.0879613 0.349028
-210 -196 0.0900645 0.3185
-198 -196 0.0923069 0.288551
-186 -196 0.0945853 0.259076
-174 -196 0.09694 0.229828
-162 -196 0.0993533 0.215572
-150 -196 0.101792 0.211196
-138 -196 0.104187 0.206681
-126 -196 0.106749 0.201796
-114 -196 0.113839 0.196259
-102 -196 0.121378 0.189851
-90 -196 0.128472 0.182189
-78 -196 0.135094 0.188066
-66 -196 0.141171 0.214798
-54 -196 0.146758 0.242881
-42 -196 0.151577 0.272482
-30 -196 0.155884 0.304447
-18 -196 0.15944 0.338746
-6 -196 0.162307 0.359505
6 -196 0.164521 0.335342
18 -196 0.166055 0.31207
30 -196 0.166987 0.289265
42 -196 0.167228 0.266399
54 -196 0.167137 0.243728
66 -196 0.166478 0.237833
78 -196 0.165415 0.236042
90 -196 0.163998 0.234986
102 -196 0.162352 0.23502
114 -196 0.160502 0.236529
126 -196 0.158383 0.239631
138 -196 0.15616 0.244578
150 -196 0.153843 0.251531
162 -196 0.151565 0.260304
174 -196 0.149138 0.27092
186 -196 0.146763 0.299322
198 -196 0.14438 0.335141
210 -196 0.141917 0.342912
222 -196 0.139531 0.342354
234 -196 0.137311 0.344989
246 -196 0.135077 0.360736
258 -196 0.132823 0.376473
270 -196 0.130738 0.391787
282 -196 0.128747 0.406521
294 -196 0.126701 0.42073
306 -196 0.124745 0.434374
318 -196 0.122918 0.447667
330 -196 0.121968 0.460385
342 -196 0.121302 0.472512
354 -196 0.120605 0.484444
-354 -208 0.0694662 0.375438
-342 -208 0.0709424 0.368935
-330 -208 0.0724073 0.362797
-318 -208 0.0739843 0.357032
-306 -208 0.0755898 0.351483
-294 -208 0.0772808 0.346214
-282 -208 0.0790334 0.341237
-270 -208 0.0808525 0.347497
-258 -208 0.0827235 0.36596
-246 -208 0.0845976 0.384956
-234 -208 0.0866073 0.381674
-222 -208 0.0885912 0.350786
-210 -208 0.0907911 0.320347
-198 -208 0.0929463 0.290048
-186 -208 0.0951583 0.25986
-174 -208 0.0974002 0.236612
-162 -208 0.0997089 0.231497
-150 -208 0.102067 0.226466
-138 -208 0.104429 0.22121
-126 -208 0.110374 0.215552
-114 -208 0.117564 0.209304
-102 -208 0.124511 0.202322
-90 -208 0.130964 0.194223
-78 -208 0.137072 0.211536
-66 -208 0.142577 0.239738
-54 -208 0.147597 0.269136
-42 -208 0.152096 0.300218
-30 -208 0.156029 0.33315
-18 -208 0.15932 0.368331
-6 -208 0.162113 0.390373
6 -208 0.164096 0.36463
18 -208 0.165645 0.339782
30 -208 0.166628 0.315364
42 -208 0.167045 0.291279
54 -208 0.167025 0.26726
66 -208 0.166475 0.25489
78 -208 0.165646 0.254569
90 -208 0.164354 0.254657
102 -208 0.16302 0.255706
114 -208 0.161349 0.257903
126 -208 0.159498 0.261438
138 -208 0.157493 0.266418
150 -208 0.155349 0.27298
162 -208 0.153223 0.281264
174 -208 0.151 0.291165
186 -208 0.148759 0.302477
198 -208 0.14646 0.333791
210 -208 0.144296 0.369269
222 -208 0.142088 0.374835
234 -208 0.139848 0.374462
246 -208 0.137698 0.378094
258 -208 0.135619 0.390989
270 -208 0.133532 0.405348
282 -208 0.131522 0.419167
294 -208 0.129586 0.432627
306 -208 0.127626 0.445524
318 -208 0.125817 0.458034
330 -208 0.123939 0.470144
342 -208 0.122874 0.481774
354 -208 0.122145 0.49308
-354 -220 0.0703975 0.392661
-342 -220 0.071837 0.386342
-330 -220 0.0733582 0.380128
-318 -220 0.0749075 0.374229
-306 -220 0.0765008 0.368591
-294 -220 0.0781373 0.362952
-282 -220 0.0798443 0.372008
-270 -220 0.0815942 0.391343
-258 -220 0.0834533 0.411426
-246 -220 0.0853351 0.411408
-234 -220 0.0872768 0.380565
-222 -220 0.0892864 0.349651
-210 -220 0.0913194 0.318892
-198 -220 0.0934571 0.288441
-186 -220 0.0956349 0.257866
-174 -220 0.0978264 0.25064
-162 -220 0.100085 0.24516
-150 -220 0.102323 0.239484
-138 -220 0.107249 0.233566
-126 -220 0.114155 0.227327
-114 -220 0.120823 0.220626
-102 -220 0.127132 0.213166
-90 -220 0.133148 0.206154
-78 -220 0.138701 0.234422
-66 -220 0.143876 0.263691
-54 -220 0.148424 0.294252
-42 -220 0.152644 0.326208
-30 -220 0.15625 0.359973
-18 -220 0.159321 0.395537
-6 -220 0.161852 0.418703
6 -220 0.163826 0.391789
18 -220 0.165239 0.365763
30 -220 0.166272 0.340181
42 -220 0.166663 0.31489
54 -220 0.166675 0.289804
66 -220 0.166451 0.269835
78 -220 0.165716 0.270523
90 -220 0.164717 0.271564
102 -220 0.163484 0.273442
114 -220 0.162013 0.276285
126 -220 0.160382 0.28023
138 -220 0.158603 0.285379
150 -220 0.156628 0.291883
162 -220 0.154706 0.29974
174 -220 0.15265 0.309057
186 -220 0.150456 0.319519
198 -220 0.148451 0.333805
210 -220 0.146342 0.367163
222 -220 0.144215 0.400348
234 -220 0.142025 0.403661
246 -220 0.140023 0.403371
258 -220 0.138105 0.407793
270 -220 0.135973 0.418489
282 -220 0.134061 0.431721
294 -220 0.132142 0.444277
306 -220 0.130332 0.456531
318 -220 0.128555 0.468372
330 -220 0.126699 0.479789
342 -220 0.124968 0.490949
354 -220 0.123532 0.501722
-354 -232 0.071336 0.407416
-342 -232 0.0727291 0.400972
-330 -232 0.0742181 0.394673
-318 -232 0.0757606 0.388591
-306 -232 0.0773372 0.382665
-294 -232 0.078969 0.394712
-282 -232 0.0806851 0.414803
-270 -232 0.082397 0.435535
-258 -232 0.0842208 0.438833
-246 -232 0.0860165 0.407902
-234 -232 0.0879269 0.376878
-222 -232 0.0899299 0.346106
-210 -232 0.0919549 0.315184
-198 -232 0.0939957 0.284289
-186 -232 0.0961086 0.268711
-174 -232 0.0981731 0.26255
-162 -232 0.100371 0.256653
-150 -232 0.104355 0.250487
-138 -232 0.111057 0.244184
-126 -232 0.117454 0.237536
-114 -232 0.123604 0.230559
-102 -232 0.129389 0.222851
-90 -232 0.134989 0.227277
-78 -232 0.140132 0.256383
-66 -232 0.144737 0.286499
-54 -232 0.149135 0.317845
-42 -232 0.152929 0.350445
-30 -232 0.156279 0.384802
-18 -232 0.159157 0.420669
-6 -232 0.161454 0.44458
6 -232 0.163369 0.416864
18 -232 0.164777 0.389877
30 -232 0.1658 0.363525
42 -232 0.166346 0.337305
54 -232 0.166471 0.311499
66 -232 0.166176 0.285808
78 -232 0.165763 0.284266
90 -232 0.164911 0.286314
102 -232 0.163839 0.288847
114 -232 0.162546 0.292127
126 -232 0.161094 0.296356
138 -232 0.159475 0.301799
150 -232 0.157742 0.308212
162 -232 0.155867 0.31583
174 -232 0.153997 0.324672
186 -232 0.152086 0.338533
198 -232 0.150068 0.352648
210 -232 0.148075 0.368273
222 -232 0.146063 0.397206
234 -232 0.144139 0.428544
246 -232 0.142131 0.430205
258 -232 0.140177 0.429516
270 -232 0.138348 0.434634
282 -232 0.136292 0.443816
294 -232 0.134509 0.455752
306 -232 0.132775 0.467396
318 -232 0.130964 0.478552
330 -232 0.129296 0.489446
342 -232 0.127592 0.500077
354 -232 0.125897 0.510239
-354 -244 0.0721544 0.419555
-342 -244 0.0736022 0.413185
-330 -244 0.0751173 0.406832
-318 -244 0.0766273 0.400629
-306 -244 0.0781466 0.415849
-294 -244 0.0798156 0.436491
-282 -244 0.0814655 0.457852
-270 -244 0.083166 0.46388
-258 -244 0.0849265 0.433135
-246 -244 0.0867615 0.402348
-234 -244 0.0885903 0.372084
-222 -244 0.0905016 0.340468
-210 -244 0.0924765 0.309344
-198 -244 0.0944915 0.28562
-186 -244 0.0965417 0.279149
-174 -244 0.0985563 0.272862
-162 -244 0.101754 0.266508
-150 -244 0.108159 0.260096
-138 -244 0.114391 0.253529
-126 -244 0.120353 0.246606
-114 -244 0.12606 0.239319
-102 -244 0.131453 0.231509
-90 -244 0.136585 0.2479
-78 -244 0.141226 0.27765
-66 -244 0.145661 0.308377
-54 -244 0.149677 0.34031
-42 -244 0.153213 0.373363
-30 -244 0.156315 0.407842
-18 -244 0.158992 0.443912
-6 -244 0.161261 0.468708
6 -244 0.163026 0.440254
18 -244 0.164439 0.412639
30 -244 0.16542 0.385415
42 -244 0.165987 0.358593
54 -244 0.166236 0.332226
66 -244 0.166095 0.306075
78 -244 0.165707 0.296361
90 -244 0.164994 0.299103
102 -244 0.16408 0.30218
114 -244 0.162869 0.305939
126 -244 0.161642 0.310551
138 -244 0.160124 0.316039
150 -244 0.15855 0.322483
162 -244 0.156891 0.331368
174 -244 0.155143 0.34453
186 -244 0.153314 0.357622
198 -244 0.151502 0.370757
210 -244 0.149698 0.383751
222 -244 0.147746 0.399483
234 -244 0.145896 0.424389
246 -244 0.144069 0.454344
258 -244 0.142099 0.454429
270 -244 0.140258 0.453333
282 -244 0.138475 0.458819
294 -244 0.13668 0.467031
306 -244 0.134921 0.477936
318 -244 0.133245 0.488629
330 -244 0.131521 0.498989
342 -244 0.129895 0.508997
354 -244 0.128286 0.518731
-354 -256 0.0730512 0.429954
-342 -256 0.0745046 0.423277
-330 -256 0.0759498 0.416822
-318 -256 0.0774265 0.435361
-306 -256 0.0789964 0.456572
-294 -256 0.0805795 0.478488
-282 -256 0.0821961 0.487083
-270 -256 0.083892 0.456631
-258 -256 0.0856178 0.42585
-246 -256 0.0874179 0.397996
-234 -256 0.0892183 0.370616
-222 -256 0.0911239 0.341414
-210 -256 0.0930114 0.310353
-198 -256 0.0948923 0.30048
-186 -256 0.0968715 0.291421
-174 -256 0.0994973 0.28257
-162 -256 0.105521 0.275002
-150 -256 0.111531 0.268359
-138 -256 0.117359 0.261597
-126 -256 0.122851 0.254507
-114 -256 0.128125 0.247073
-102 -256 0.133217 0.239412
-90 -256 0.137977 0.269248
-78 -256 0.142335 0.300984
-66 -256 0.146318 0.331604
-54 -256 0.150085 0.36153
-42 -256 0.153343 0.394765
-30 -256 0.15633 0.429432
-18 -256 0.158831 0.465398
-6 -256 0.160872 0.490696
6 -256 0.162548 0.461838
18 -256 0.163972 0.433715
30 -256 0.164984 0.406116
42 -256 0.165495 0.378871
54 -256 0.165819 0.351968
66 -256 0.165822 0.325446
78 -256 0.16551 0.306964
90 -256 0.164914 0.3101
102 -256 0.164149 0.313783
114 -256 0.163204 0.318029
126 -256 0.161998 0.322777
138 -256 0.160731 0.328493
150 -256 0.159266 0.339974
162 -256 0.157764 0.351901
174 -256 0.156115 0.364022
186 -256 0.154506 0.376137
198 -256 0.152664 0.388066
210 -256 0.150948 0.399997
222 -256 0.14918 0.411902
234 -256 0.147414 0.42758
246 -256 0.145667 0.448946
258 -256 0.143882 0.478016
270 -256 0.142104 0.476864
282 -256 0.140359 0.474808
294 -256 0.13868 0.480949
306 -256 0.136924 0.488314
318 -256 0.135291 0.498495
330 -256 0.133673 0.508262
342 -256 0.132038 0.517859
354 -256 0.130442 0.527226
-354 -268 0.0738951 0.438353
-342 -268 0.0753003 0.433025
-330 -268 0.0767782 0.453979
-318 -268 0.078254 0.4753
-306 -268 0.0797803 0.49736
-294 -268 0.0812661 0.508219
-282 -268 0.0829441 0.478154
-270 -268 0.0846286 0.447658
-258 -268 0.0863202 0.420717
-246 -268 0.0880543 0.397301
-234 -268 0.0898663 0.372436
-222 -268 0.0916875 0.345922
-210 -268 0.0935062 0.331042
-198 -268 0.0953855 0.322563
-186 -268 0.0974184 0.314141
-174 -268 0.103189 0.306121
-162 -268 0.108938 0.298432
-150 -268 0.114462 0.290952
-138 -268 0.119913 0.284094
-126 -268 0.125091 0.277634
-114 -268 0.129966 0.27182
-102 -268 0.134728 0.276042
-90 -268 0.139096 0.302726
-78 -268 0.143194 0.329018
-66 -268 0.146996 0.354165
-54 -268 0.150407 0.381466
-42 -268 0.153496 0.414778
-30 -268 0.156293 0.449436
-18 -268 0.158608 0.485137
-6 -268 0.160598 0.511167
6 -268 0.162293 0.482174
18 -268 0.163546 0.453728
30 -268 0.164518 0.425567
42 -268 0.165168 0.398058
54 -268 0.16546 0.37084
66 -268 0.165575 0.34411
78 -268 0.16529 0.317641
90 -268 0.164856 0.320017
102 -268 0.164213 0.324001
114 -268 0.163299 0.328697
126 -268 0.162226 0.338892
138 -268 0.161174 0.34962
150 -268 0.159847 0.360533
162 -268 0.158437 0.371397
174 -268 0.156984 0.382629
186 -268 0.155451 0.393788
198 -268 0.153878 0.404884
210 -268 0.152166 0.415884
222 -268 0.15054 0.426912
234 -268 0.1489 0.437839
246 -268 0.147145 0.452916
258 -268 0.145433 0.47116
270 -268 0.143822 0.499553
282 -268 0.14211 0.497297
294 -268 0.14041 0.494764
306 -268 0.138824 0.500984
318 -268 0.137108 0.508032
330 -268 0.135578 0.517459
342 -268 0.134041 0.526563
354 -268 0.132488 0.535405
-354 -280 0.0747139 0.450061
-342 -280 0.0761273 0.471196
-330 -280 0.0775859 0.492806
-318 -280 0.078978 0.515032
-306 -280 0.0805074 0.528107
-294 -280 0.0820023 0.498108
-282 -280 0.08368 0.46821
-270 -280 0.0852598 0.440813
-258 -280 0.0869182 0.420947
-246 -280 0.0886382 0.39969
-234 -280 0.0903942 0.376934
-222 -280 0.0921763 0.358952
-210 -280 0.0939929 0.350993
-198 -280 0.0958393 0.34328
-186 -280 0.100975 0.335738
-174 -280 0.106524 0.328531
-162 -280 0.11189 0.321526
-150 -280 0.11715 0.314859
-138 -280 0.122191 0.308797
-126 -280 0.127029 0.30307
-114 -280 0.131595 0.297891
-102 -280 0.13598 0.309813
-90 -280 0.140106 0.331836
-78 -280 0.14401 0.3534
-66 -280 0.147516 0.373904
-54 -280 0.150653 0.400328
-42 -280 0.153569 0.433808
-30 -280 0.156212 0.468264
-18 -280 0.158397 0.503763
-6 -280 0.160271 0.53007
6 -280 0.161861 0.500959
18 -280 0.163144 0.472258
30 -280 0.164068 0.44397
42 -280 0.164726 0.416258
54 -280 0.165119 0.388876
66 -280 0.165246 0.361931
78 -280 0.165042 0.335324
90 -280 0.164715 0.333151
102 -280 0.164036 0.341689
114 -280 0.16336 0.350788
126 -280 0.162533 0.360271
138 -280 0.161401 0.369924
150 -280 0.160223 0.379925
162 -280 0.158988 0.390032
174 -280 0.157632 0.40024
186 -280 0.156222 0.410551
198 -280 0.154726 0.42087
210 -280 0.153214 0.43113
222 -280 0.151703 0.44148
234 -280 0.150061 0.451511
246 -280 0.148464 0.461435
258 -280 0.1469 0.475675
270 -280 0.14526 0.491454
282 -280 0.143648 0.519583
294 -280 0.142036 0.516253
306 -280 0.140422 0.512987
318 -280 0.138873 0.519548
330 -280 0.137377 0.526551
342 -280 0.13579 0.535094
354 -280 0.134305 0.543633
-354 -292 0.0755421 0.489061
-342 -292 0.0769032 0.509278
-330 -292 0.0782967 0.531503
-318 -292 0.0797854 0.546391
-306 -292 0.0812042 0.516944
-294 -292 0.0827807 0.487328
-282 -292 0.084327 0.458832
-270 -292 0.0858929 0.441811
-258 -292 0.0875437 0.423653
-246 -292 0.0892423 0.404415
-234 -292 0.0909671 0.384745
-222 -292 0.0926901 0.377319
-210 -292 0.0944281 0.370093
-198 -292 0.099008 0.363077
-186 -292 0.104289 0.356277
-174 -292 0.10948 0.349696
-162 -292 0.114607 0.343433
-150 -292 0.119458 0.337369
-138 -292 0.124271 0.331979
-126 -292 0.128755 0.326842
-114 -292 0.133069 0.322278
-102 -292 0.137154 0.339223
-90 -292 0.141062 0.357224
-78 -292 0.144575 0.37461
-66 -292 0.147898 0.391105
-54 -292 0.150874 0.41827
-42 -292 0.153645 0.451607
-30 -292 0.156047 0.485947
-18 -292 0.158166 0.521063
-6 -292 0.159941 0.547769
6 -292 0.16153 0.51856
18 -292 0.162722 0.489713
30 -292 0.163699 0.461499
42 -292 0.164317 0.433498
54 -292 0.164686 0.408548
66 -292 0.16483 0.385526
78 -292 0.164856 0.365023
90 -292 0.164479 0.355515
102 -292 0.164085 0.363596
114 -292 0.163424 0.371762
126 -292 0.162615 0.380287
138 -292 0.161648 0.389204
150 -292 0.160648 0.398473
162 -292 0.159454 0.407764
174 -292 0.158192 0.417188
186 -292 0.156893 0.426658
198 -292 0.155552 0.436198
210 -292 0.154176 0.445837
222 -292 0.152586 0.455209
234 -292 0.151216 0.464706
246 -292 0.14968 0.474116
258 -292 0.148088 0.483285
270 -292 0.146609 0.49667
282 -292 0.145098 0.510065
294 -292 0.143494 0.53813
306 -292 0.142009 0.533978
318 -292 0.140462 0.529809
330 -292 0.138997 0.536502
342 -292 0.137598 0.543743
354 -292 0.136066 0.551452
-354 -304 0.0763087 0.524517
-342 -304 0.0777087 0.546869
-330 -304 0.0790589 0.563446
-318 -304 0.0804708 0.534411
-306 -304 0.0819179 0.505094
-294 -304 0.0834255 0.475525
-282 -304 0.0849817 0.46054
-270 -304 0.0865548 0.445056
-258 -304 0.0881089 0.428598
-246 -304 0.0897871 0.41141
-234 -304 0.0914742 0.401731
-222 -304 0.0931401 0.394894
-210 -304 0.0970637 0.388341
-198 -304 0.102223 0.381913
-186 -304 0.107263 0.375754
-174 -304 0.112211 0.369782
-162 -304 0.116966 0.364061
-150 -304 0.121594 0.358723
-138 -304 0.126032 0.353732
-126 -304 0.130279 0.349309
-114 -304 0.134387 0.350424
-102 -304 0.138141 0.364849
-90 -304 0.141807 0.379264
-78 -304 0.145161 0.393219
-66 -304 0.148248 0.406022
-54 -304 0.151117 0.435345
-42 -304 0.153677 0.468473
-30 -304 0.155901 0.502294
-18 -304 0.158006 0.53722
-6 -304 0.159677 0.564263
6 -304 0.161137 0.534919
18 -304 0.162342 0.506152
30 -304 0.163236 0.477768
42 -304 0.163917 0.449885
54 -304 0.164297 0.427424
66 -304 0.164537 0.408165
78 -304 0.16451 0.390799
90 -304 0.164215 0.376638
102 -304 0.1639 0.383835
114 -304 0.163414 0.391579
126 -304 0.162687 0.39948
138 -304 0.161869 0.40764
150 -304 0.160838 0.416027
162 -304 0.159812 0.424556
174 -304 0.158722 0.433277
186 -304 0.157507 0.442162
198 -304 0.15621 0.450926
210 -304 0.154867 0.459809
222 -304 0.153526 0.468681
234 -304 0.152118 0.477568
246 -304 0.150681 0.486246
258 -304 0.149275 0.495
270 -304 0.147802 0.503626
282 -304 0.146326 0.515629
294 -304 0.144866 0.527195
306 -304 0.143337 0.555273
318 -304 0.142026 0.550465
330 -304 0.14049 0.545303
342 -304 0.139091 0.552199
354 -304 0.137672 0.559533
-354 -316 0.0770448 0.561256
-342 -316 0.0783599 0.579334
-330 -316 0.0797849 0.550639
-318 -316 0.0811323 0.521679
-306 -316 0.0826252 0.492569
-294 -316 0.0840957 0.477202
-282 -316 0.0855929 0.464242
-270 -316 0.0870992 0.45024
-258 -316 0.088655 0.435555
-246 -316 0.090287 0.424243
-234 -316 0.091992 0.417875
-222 -316 0.0953501 0.411706
-210 -316 0.100364 0.405744
-198 -316 0.105165 0.399802
-186 -316 0.109993 0.394209
-174 -316 0.114656 0.388809
-162 -316 0.119163 0.383666
-150 -316 0.123503 0.378762
-138 -316 0.127588 0.374324
-126 -316 0.131688 0.370391
-114 -316 0.135501 0.375898
-102 -316 0.139123 0.387438
-90 -316 0.142526 0.398715
-78 -316 0.145607 0.409284
-66 -316 0.148628 0.419295
-54 -316 0.15122 0.451501
-42 -316 0.153678 0.484449
-30 -316 0.155779 0.517992
-18 -316 0.157804 0.552437
-6 -316 0.159404 0.579451
6 -316 0.160728 0.550357
18 -316 0.161907 0.521638
30 -316 0.162801 0.493288
42 -316 0.163523 0.465462
54 -316 0.163966 0.443853
66 -316 0.164168 0.427785
78 -316 0.164237 0.413486
90 -316 0.164129 0.401411
102 -316 0.163772 0.403074
114 -316 0.163384 0.410214
126 -316 0.162654 0.417416
138 -316 0.161876 0.424914
150 -316 0.16107 0.432763
162 -316 0.160106 0.440637
174 -316 0.159097 0.448617
186 -316 0.158026 0.456887
198 -316 0.156785 0.465052
210 -316 0.155517 0.473253
222 -316 0.154281 0.481599
234 -316 0.152971 0.489824
246 -316 0.151609 0.498093
258 -316 0.150226 0.506214
270 -316 0.148885 0.514316
282 -316 0.147483 0.522224
294 -316 0.146072 0.533101
306 -316 0.144735 0.54294
318 -316 0.143275 0.571414
330 -316 0.141847 0.56575
342 -316 0.140539 0.559886
354 -316 0.139094 0.56719
-354 -328 0.0778154 0.594149
-342 -328 0.0791066 0.565976
-330 -328 0.0803831 0.53742
-318 -328 0.0818771 0.508797
-306 -328 0.0832524 0.492232
-294 -328 0.0847673 0.481331
-282 -328 0.0862324 0.469638
-270 -328 0.0877443 0.457218
-258 -328 0.0892924 0.445183
-246 -328 0.0908493 0.43931
-234 -328 0.093777 0.433473
-222 -328 0.0985554 0.427824
-210 -328 0.103287 0.422208
-198 -328 0.107957 0.416859
-186 -328 0.112435 0.411775
-174 -328 0.116785 0.406799
-162 -328 0.121081 0.402187
-150 -328 0.125131 0.397805
-138 -328 0.129169 0.393901
-126 -328 0.132946 0.390276
-114 -328 0.136491 0.398447
-102 -328 0.139881 0.407126
-90 -328 0.14312 0.415712
-78 -328 0.146121 0.423594
-66 -328 0.148861 0.434885
-54 -328 0.151365 0.466838
-42 -328 0.153717 0.499472
-30 -328 0.15569 0.532672
-18 -328 0.157568 0.566671
-6 -328 0.159155 0.594039
6 -328 0.160472 0.564926
18 -328 0.161598 0.536384
30 -328 0.162481 0.508113
42 -328 0.163143 0.480224
54 -328 0.163593 0.458093
66 -328 0.163904 0.445203
78 -328 0.163971 0.433543
90 -328 0.163904 0.423688
102 -328 0.163568 0.421475
114 -328 0.163212 0.427856
126 -328 0.162714 0.434577
138 -328 0.162033 0.441445
150 -328 0.161258 0.448599
162 -328 0.160343 0.455983
174 -328 0.159437 0.463396
186 -328 0.158397 0.471038
198 -328 0.157322 0.478623
210 -328 0.156124 0.486257
222 -328 0.154963 0.494008
234 -328 0.153732 0.501841
246 -328 0.152485 0.509469
258 -328 0.151174 0.51718
270 -328 0.149893 0.5247
282 -328 0.14854 0.532217
294 -328 0.147167 0.539879
306 -328 0.145829 0.549182
318 -328 0.144536 0.557501
330 -328 0.143173 0.586164
342 -328 0.141835 0.580123
354 -328 0.140578 0.574709
-354 -340 0.0785327 0.580357
-342 -340 0.0798246 0.552244
-330 -340 0.0811236 0.523818
-318 -340 0.0825325 0.505771
-306 -340 0.083902 0.496682
-294 -340 0.0853192 0.486935
-282 -340 0.0867593 0.476532
-270 -340 0.0882697 0.465673
-258 -340 0.0898185 0.459205
-246 -340 0.0922862 0.453706
-234 -340 0.0969176 0.44842
-222 -340 0.101507 0.443107
-210 -340 0.105934 0.437967
-198 -340 0.110392 0.433124
-186 -340 0.114696 0.428437
-174 -340 0.11882 0.423943
-162 -340 0.122832 0.419781
-150 -340 0.126696 0.415793
-138 -340 0.130441 0.412244
-126 -340 0.134035 0.411854
-114 -340 0.137427 0.418141
-102 -340 0.140644 0.424441
-90 -340 0.143618 0.430469
-78 -340 0.146463 0.436037
-66 -340 0.149016 0.449715
-54 -340 0.151382 0.481336
-42 -340 0.153575 0.513634
-30 -340 0.155538 0.546434
-18 -340 0.157351 0.579983
-6 -340 0.158869 0.60739
6 -340 0.160108 0.578432
18 -340 0.16126 0.549996
30 -340 0.162018 0.521885
42 -340 0.162776 0.49433
54 -340 0.163285 0.47068
66 -340 0.16359 0.460136
78 -340 0.163666 0.450939
90 -340 0.16362 0.443338
102 -340 0.16342 0.438574
114 -340 0.163097 0.444437
126 -340 0.162579 0.450599
138 -340 0.162077 0.457105
150 -340 0.161364 0.463762
162 -340 0.160508 0.470441
174 -340 0.159626 0.477342
186 -340 0.158749 0.484411
198 -340 0.157771 0.491699
210 -340 0.156663 0.49877
222 -340 0.155551 0.505972
234 -340 0.154298 0.513167
246 -340 0.153233 0.52041
258 -340 0.151897 0.527534
270 -340 0.150704 0.534688
282 -340 0.149421 0.54183
294 -340 0.14821 0.548859
306 -340 0.146934 0.556205
318 -340 0.145581 0.564019
330 -340 0.144332 0.572163
342 -340 0.143052 0.600169
354 -340 0.141731 0.593435
-354 -352 0.0792071 0.566036
-342 -352 0.0804927 0.538205
-330 -352 0.0818184 0.518071
-318 -352 0.0830696 0.510504
-306 -352 0.0845103 0.502561
-294 -352 0.0858817 0.493869
-282 -352 0.0872971 0.484774
-270 -352 0.0888485 0.477773
-258 -352 0.0909827 0.47261
-246 -352 0.0953941 0.467514
-234 -352 0.0998103 0.462671
-222 -352 0.104179 0.457807
-210 -352 0.108397 0.45309
-198 -352 0.112623 0.448676
-186 -352 0.116637 0.444348
-174 -352 0.120586 0.440257
-162 -352 0.12435 0.43634
-150 -352 0.12812 0.432938
-138 -352 0.131637 0.429675
-126 -352 0.134986 0.431255
-114 -352 0.138192 0.435442
-102 -352 0.141241 0.439751
-90 -352 0.144049 0.443614
-78 -352 0.146731 0.446994
-66 -352 0.149245 0.463864
-54 -352 0.151544 0.495157
-42 -352 0.153571 0.527087
-30 -352 0.155421 0.559553
-18 -352 0.157078 0.592616
-6 -352 0.15855 0.619822
6 -352 0.159754 0.591266
18 -352 0.160813 0.562984
30 -352 0.16179 0.535321
42 -352 0.162424 0.507776
54 -352 0.162922 0.481719
66 -352 0.163212 0.473455
78 -352 0.163418 0.466505
90 -352 0.163414 0.460718
102 -352 0.163242 0.456521
114 -352 0.162957 0.460254
126 -352 0.162501 0.46593
138 -352 0.162013 0.471953
150 -352 0.161364 0.478091
162 -352 0.160614 0.484358
174 -352 0.159875 0.490806
186 -352 0.158961 0.497318
198 -352 0.158033 0.504013
210 -352 0.157014 0.510666
222 -352 0.155995 0.517473
234 -352 0.154949 0.524244
246 -352 0.153782 0.531015
258 -352 0.15263 0.537775
270 -352 0.151501 0.544594
282 -352 0.150241 0.551189
294 -352 0.149079 0.557878
306 -352 0.147872 0.564349
318 -352 0.146631 0.571146
330 -352 0.145353 0.577792
342 -352 0.144197 0.585704
354 -352 0.14288 0.613248
-354 -364 0.0798148 0.551621
-342 -364 0.081069 0.529262
-330 -364 0.0824412 0.523202
-318 -364 0.0837085 0.516599
-306 -364 0.0850657 0.509522
-294 -364 0.0864615 0.502011
-282 -364 0.0879114 0.495153
-270 -364 0.0896283 0.490269
-258 -364 0.0939789 0.485456
-246 -364 0.0982193 0.480798
-234 -364 0.102476 0.476174
-222 -364 0.106587 0.471759
-210 -364 0.110703 0.467572
-198 -364 0.114605 0.463339
-186 -364 0.118447 0.459403
-174 -364 0.122228 0.455742
-162 -364 0.125885 0.452308
-150 -364 0.129409 0.449066
-138 -364 0.13272 0.446167
-126 -364 0.135884 0.448471
-114 -364 0.138925 0.450862
-102 -364 0.141858 0.453236
-90 -364 0.144481 0.455167
-78 -364 0.147083 0.456696
-66 -364 0.149425 0.477361
-54 -364 0.151525 0.508336
-42 -364 0.153553 0.539882
-30 -364 0.155285 0.571873
-18 -364 0.156835 0.604468
-6 -364 0.158296 0.631689
6 -364 0.159532 0.603452
18 -364 0.160483 0.575396
30 -364 0.161372 0.54774
42 -364 0.16203 0.520396
54 -364 0.162557 0.493465
66 -364 0.162906 0.485178
78 -364 0.163072 0.480007
90 -364 0.163091 0.476079
102 -364 0.163043 0.473597
114 -364 0.16281 0.475339
126 -364 0.162489 0.480653
138 -364 0.161962 0.486043
150 -364 0.161464 0.491869
162 -364 0.160783 0.497651
174 -364 0.159988 0.503589
186 -364 0.159322 0.509748
198 -364 0.158307 0.515927
210 -364 0.157404 0.522238
222 -364 0.156462 0.528515
234 -364 0.155471 0.534944
246 -364 0.154381 0.541288
258 -364 0.153314 0.547595
270 -364 0.152176 0.553949
282 -364 0.151046 0.560252
294 -364 0.149916 0.56655
306 -364 0.148712 0.572799
318 -364 0.14759 0.578951
330 -364 0.14636 0.585032
342 -364 0.145182 0.591015
354 -364 0.143994 0.599626
-354 -376 0.0804467 0.539479
-342 -376 0.081732 0.534747
-330 -376 0.0829991 0.529356
-318 -376 0.0843583 0.523763
-306 -376 0.0856936 0.517805
-294 -376 0.0870451 0.51144
-282 -376 0.0885515 0.506935
-270 -376 0.0926409 0.50232
-258 -376 0.0967979 0.497854
-246 -376 0.100906 0.493555
-234 -376 0.104956 0.489301
-222 -376 0.108862 0.485121
-210 -376 0.112768 0.481271
-198 -376 0.116534 0.4775
-186 -376 0.120169 0.473914
-174 -376 0.123727 0.470414
-162 -376 0.127189 0.467287
-150 -376 0.130508 0.464433
-138 -376 0.133698 0.463173
-126 -376 0.136707 0.463791
-114 -376 0.139605 0.464507
-102 -376 0.142331 0.4651
-90 -376 0.144934 0.465435
-78 -376 0.147305 0.465193
-66 -376 0.149499 0.490158
-54 -376 0.151638 0.520938
-42 -376 0.153468 0.551978
-30 -376 0.155208 0.583604
-18 -376 0.156741 0.615726
-6 -376 0.158066 0.642958
6 -376 0.159256 0.614848
18 -376 0.160215 0.587131
30 -376 0.161088 0.55974
42 -376 0.161732 0.532613
54 -376 0.162208 0.505801
66 -376 0.162608 0.495439
78 -376 0.162771 0.492166
90 -376 0.162888 0.489876
102 -376 0.162834 0.488644
114 -376 0.162719 0.489627
126 -376 0.162321 0.494424
138 -376 0.161956 0.499619
150 -376 0.161406 0.504888
162 -376 0.160875 0.510427
174 -376 0.160232 0.515908
186 -376 0.159448 0.521698
198 -376 0.158634 0.527529
210 -376 0.157783 0.533271
222 -376 0.156941 0.539362
234 -376 0.15594 0.545292
246 -376 0.154937 0.55115
258 -376 0.153899 0.557175
270 -376 0.152823 0.563159
282 -376 0.151759 0.569097
294 -376 0.150647 0.575045
306 -376 0.149472 0.580921
318 -376 0.148438 0.58684
330 -376 0.147222 0.592514
342 -376 0.146121 0.598303
354 -376 0.144962 0.603891
-354 -388 0.081114 0.545129
-342 -388 0.0823535 0.541008
-330 -388 0.0835385 0.536537
-318 -388 0.0848698 0.531812
-306 -388 0.0862207 0.526854
-294 -388 0.0875072 0.522321
-282 -388 0.0914121 0.518116
-270 -388 0.0954297 0.513857
-258 -388 0.0994194 0.509789
-246 -388 0.103339 0.5057
-234 -388 0.107212 0.501795
-222 -388 0.110983 0.498111
-210 -388 0.114598 0.494398
-198 -388 0.118272 0.490965
-186 -388 0.121742 0.487588
-174 -388 0.125082 0.484441
-162 -388 0.128391 0.481642
-150 -388 0.131553 0.478931
-138 -388 0.134573 0.478036
-126 -388 0.137497 0.477278
-114 -388 0.140214 0.476624
-102 -388 0.142771 0.475678
-90 -388 0.14522 0.474413
-78 -388 0.147533 0.472857
-66 -388 0.149667 0.50256
-54 -388 0.15167 0.532901
-42 -388 0.153405 0.563506
-30 -388 0.155068 0.59469
-18 -388 0.156538 0.626265
-6 -388 0.157815 0.653497
6 -388 0.158944 0.625766
18 -388 0.159916 0.598103
30 -388 0.160737 0.571014
42 -388 0.161305 0.544172
54 -388 0.161932 0.51772
66 -388 0.162272 0.504559
78 -388 0.162508 0.502748
90 -388 0.162584 0.501889
102 -388 0.162618 0.502109
114 -388 0.162432 0.503551
126 -388 0.162228 0.507625
138 -388 0.16191 0.512514
150 -388 0.16133 0.51727
162 -388 0.160842 0.522404
174 -388 0.160179 0.527623
186 -388 0.159568 0.532996
198 -388 0.15882 0.538441
210 -388 0.158047 0.543983
222 -388 0.157197 0.54946
234 -388 0.156354 0.555181
246 -388 0.15542 0.560768
258 -388 0.154441 0.566424
270 -388 0.153453 0.571974
282 -388 0.152373 0.577677
294 -388 0.151355 0.583239
306 -388 0.150285 0.588852
318 -388 0.149201 0.594333
330 -388 0.148137 0.599888
342 -388 0.147025 0.605267
354 -388 0.145911 0.610617
-354 -400 0.0817178 0.553637
-342 -400 0.0829211 0.549387
-330 -400 0.0841574 0.545075
-318 -400 0.0854735 0.540947
-306 -400 0.0867549 0.536991
-294 -400 0.0902344 0.532889
-282 -400 0.0941686 0.528908
-270 -400 0.0980229 0.525081
-258 -400 0.101845 0.521127
-246 -400 0.105532 0.517361
-234 -400 0.109224 0.513784
-222 -400 0.112828 0.510287
-210 -400 0.116356 0.506967
-198 -400 0.119792 0.503661
-186 -400 0.123087 0.500703
-174 -400 0.126358 0.497804
-162 -400 0.129441 0.495219
-150 -400 0.132463 0.492798
-138 -400 0.135381 0.491298
-126 -400 0.138111 0.489355
-114 -400 0.140738 0.487551
-102 -400 0.143226 0.486121
-90 -400 0.145503 0.484805
-78 -400 0.147719 0.488881
-66 -400 0.14979 0.517057
-54 -400 0.151642 0.544259
-42 -400 0.153292 0.574493
-30 -400 0.15487 0.60528
-18 -400 0.156396 0.636431
-6 -400 0.157548 0.663358
6 -400 0.158696 0.635865
18 -400 0.159648 0.60877
30 -400 0.160442 0.581827
42 -400 0.161089 0.555284
54 -400 0.161605 0.529026
66 -400 0.162001 0.512657
78 -400 0.162219 0.512187
90 -400 0.162336 0.512596
102 -400 0.162354 0.514034
114 -400 0.162189 0.516432
126 -400 0.162106 0.520211
138 -400 0.161745 0.524675
150 -400 0.16134 0.529293
162 -400 0.160862 0.534138
174 -400 0.160322 0.538914
186 -400 0.159751 0.544006
198 -400 0.159053 0.549011
210 -400 0.158281 0.554109
222 -400 0.157498 0.559442
234 -400 0.156599 0.564601
246 -400 0.155787 0.569875
258 -400 0.154866 0.575263
270 -400 0.153953 0.580612
282 -400 0.152977 0.585928
294 -400 0.151974 0.591194
306 -400 0.150953 0.596504
318 -400 0.149915 0.601757
330 -400 0.148842 0.606954
342 -400 0.147761 0.612098
354 -400 0.146696 0.617276
-354 -412 0.0823026 0.562466
-342 -412 0.0835232 0.558461
-330 -412 0.084683 0.554364
-318 -412 0.0860023 0.550691
-306 -412 0.0891181 0.546853
-294 -412 0.0928975 0.543104
-282 -412 0.0966636 0.539278
-270 -412 0.100398 0.53567
-258 -412 0.104021 0.532032
-246 -412 0.107654 0.528554
-234 -412 0.111088 0.525256
-222 -412 0.114599 0.521996
-210 -412 0.117999 0.51893
-198 -412 0.121279 0.516063
-186 -412 0.124432 0.513173
-174 -412 0.127534 0.510556
-162 -412 0.130504 0.508257
-150 -412 0.133356 0.506645
-138 -412 0.136115 0.504514
-126 -412 0.138713 0.502696
-114 -412 0.14119 0.501228
-102 -412 0.143602 0.499919
-90 -412 0.145752 0.498852
-78 -412 0.147918 0.506612
-66 -412 0.149864 0.530448
-54 -412 0.151663 0.555087
-42 -412 0.153261 0.584943
-30 -412 0.154725 0.615221
-18 -412 0.156178 0.64585
-6 -412 0.157361 0.67281
6 -412 0.158323 0.645512
18 -412 0.159298 0.618604
30 -412 0.160125 0.592077
42 -412 0.160783 0.5658
54 -412 0.161305 0.539755
66 -412 0.161667 0.519696
78 -412 0.161923 0.520562
90 -412 0.162091 0.522201
102 -412 0.162091 0.524608
114 -412 0.162013 0.528211
126 -412 0.161908 0.532135
138 -412 0.161652 0.536358
150 -412 0.161249 0.540626
162 -412 0.160843 0.545096
174 -412 0.160377 0.549668
186 -412 0.159809 0.554418
198 -412 0.159068 0.559115
210 -412 0.158468 0.56399
222 -412 0.157683 0.568886
234 -412 0.156958 0.573881
246 -412 0.156077 0.57882
258 -412 0.155195 0.583797
270 -412 0.154351 0.588902
282 -412 0.153411 0.593901
294 -412 0.152452 0.598904
306 -412 0.151514 0.603975
318 -412 0.150506 0.60892
330 -412 0.149568 0.613961
342 -412 0.14854 0.618827
354 -412 0.147513 0.623745
-354 -424 0.0828977 0.570977
-342 -424 0.0840446 0.567154
-330 -424 0.0852332 0.563539
-318 -424 0.0880309 0.559982
-306 -424 0.0917897 0.556366
-294 -424 0.0954162 0.552754
-282 -424 0.0990311 0.549273
-270 -424 0.102649 0.546049
-258 -424 0.106173 0.542687
-246 -424 0.109541 0.539393
-234 -424 0.112899 0.536272
-222 -424 0.116278 0.533259
-210 -424 0.11946 0.530368
-198 -424 0.122616 0.527659
-186 -424 0.12562 0.525124
-174 -424 0.128585 0.522778
-162 -424 0.131398 0.520585
-150 -424 0.134142 0.519014
-138 -424 0.13673 0.517171
-126 -424 0.139311 0.515664
-114 -424 0.141704 0.514194
-102 -424 0.143976 0.513058
-90 -424 0.146024 0.512164
-78 -424 0.148004 0.522315
-66 -424 0.149915 0.542596
-54 -424 0.151574 0.565535
-42 -424 0.1532 0.594891
-30 -424 0.154645 0.624733
-18 -424 0.155942 0.654923
-6 -424 0.157104 0.681558
6 -424 0.158121 0.654743
18 -424 0.159009 0.628188
30 -424 0.159811 0.601847
42 -424 0.160464 0.57592
54 -424 0.160975 0.550085
66 -424 0.16135 0.526959
78 -424 0.161598 0.529868
90 -424 0.161832 0.533098
102 -424 0.161864 0.5364
114 -424 0.161901 0.539957
126 -424 0.161779 0.543787
138 -424 0.161469 0.54743
150 -424 0.161214 0.55152
162 -424 0.160792 0.555618
174 -424 0.160306 0.559954
186 -424 0.159783 0.564325
198 -424 0.159256 0.568862
210 -424 0.158587 0.573361
222 -424 0.157845 0.578027
234 -424 0.157207 0.582804
246 -424 0.156403 0.587464
258 -424 0.155568 0.592132
270 -424 0.154706 0.596845
282 -424 0.153869 0.601635
294 -424 0.152994 0.606495
306 -424 0.152071 0.611223
318 -424 0.151061 0.615923
330 -424 0.150213 0.62069
342 -424 0.149235 0.62541
354 -424 0.148237 0.630154
-354 -436 0.0833653 0.579314
-342 -436 0.084587 0.57571
-330 -436 0.0870654 0.572392
-318 -436 0.0906795 0.568994
-306 -436 0.0942748 0.56568
-294 -436 0.0978155 0.562359
-282 -436 0.101286 0.559092
-270 -436 0.104736 0.555859
-258 -436 0.108026 0.552741
-246 -436 0.111372 0.549845
-234 -436 0.114601 0.546959
-222 -436 0.117769 0.544067
-210 -436 0.120849 0.54137
-198 -436 0.123842 0.538991
-186 -436 0.126684 0.536488
-174 -436 0.129594 0.534382
-162 -436 0.132282 0.53243
-150 -436 0.134881 0.531048
-138 -436 0.13739 0.529339
-126 -436 0.139806 0.527783
-114 -436 0.14206 0.52665
-102 -436 0.144246 0.525551
-90 -436 0.146256 0.524711
-78 -436 0.148156 0.536392
-66 -436 0.149928 0.553293
-54 -436 0.151596 0.575401
-42 -436 0.153119 0.604546
-30 -436 0.154519 0.633858
-18 -436 0.155795 0.66355
-6 -436 0.156948 0.690107
6 -436 0.157946 0.663645
18 -436 0.158858 0.637369
30 -436 0.159576 0.611333
42 -436 0.160173 0.585625
54 -436 0.160688 0.562738
66 -436 0.161111 0.541737
78 -436 0.161439 0.541749
90 -436 0.161536 0.544619
102 -436 0.161706 0.547851
114 -436 0.161702 0.55112
126 -436 0.161589 0.554566
138 -436 0.161363 0.558102
150 -436 0.161116 0.561857
162 -436 0.160762 0.565798
174 -436 0.160345 0.569877
186 -436 0.159856 0.574036
198 -436 0.1594 0.578277
210 -436 0.158736 0.582528
222 -436 0.158106 0.586944
234 -436 0.157443 0.591312
246 -436 0.156694 0.595699
258 -436 0.155939 0.600281
270 -436 0.15511 0.604724
282 -436 0.154283 0.609263
294 -436 0.153462 0.613751
306 -436 0.152602 0.618297
318 -436 0.151749 0.622853
330 -436 0.150768 0.627372
342 -436 0.149842 0.631733
354 -436 0.148943 0.636185
-354 -448 0.0838645 0.587291
-342 -448 0.0861504 0.584135
-330 -448 0.0896911 0.581002
-318 -448 0.0931422 0.577662
-306 -448 0.0966254 0.574584
-294 -448 0.0999953 0.571418
-282 -448 0.103333 0.568364
-270 -448 0.106602 0.565357
-258 -448 0.109826 0.562472
-246 -448 0.11302 0.559707
-234 -448 0.116052 0.557029
-222 -448 0.119114 0.554362
-210 -448 0.122132 0.551982
-198 -448 0.124967 0.549646
-186 -448 0.127747 0.547447
-174 -448 0.130473 0.545482
-162 -448 0.133053 0.544169
-150 -448 0.135524 0.542311
-138 -448 0.137952 0.540875
-126 -448 0.140225 0.539426
-114 -448 0.142424 0.538413
-102 -448 0.14447 0.537401
-90 -448 0.146483 0.536815
-78 -448 0.14826 0.548956
-66 -448 0.149959 0.562832
-54 -448 0.151558 0.585009
-42 -448 0.153067 0.613531
-30 -448 0.1544 0.642491
-18 -448 0.155604 0.671673
-6 -448 0.156658 0.697988
6 -448 0.157637 0.671896
18 -448 0.158474 0.645863
30 -448 0.159285 0.620168
42 -448 0.159928 0.594688
54 -448 0.160417 0.574025
66 -448 0.160852 0.555881
78 -448 0.161162 0.55285
90 -448 0.161266 0.555565
102 -448 0.161427 0.55858
114 -448 0.161456 0.561637
126 -448 0.161406 0.565099
138 -448 0.161169 0.56827
150 -448 0.160941 0.571856
162 -448 0.160703 0.575567
174 -448 0.160297 0.579334
186 -448 0.159846 0.583169
198 -448 0.159363 0.587223
210 -448 0.158845 0.591288
222 -448 0.158239 0.595336
234 -448 0.157563 0.599476
246 -448 0.156899 0.603726
258 -448 0.156113 0.60793
270 -448 0.155407 0.612251
282 -448 0.154651 0.616514
294 -448 0.153878 0.620809
306 -448 0.152991 0.625063
318 -448 0.152126 0.629368
330 -448 0.151223 0.633613
342 -448 0.150368 0.637922
354 -448 0.149581 0.642205
