20 31
v 161.2071533203125 -2100.489013671875 -791.7972412109375
v 201.8892517089844 -2099.3740234375 -791.762939453125
v 242.4654235839844 -2098.248779296875 -791.71142578125
v 282.9487609863281 -2097.11181640625 -791.6435546875
v 323.3523254394531 -2095.961669921875 -791.5602416992188
v 363.6892395019531 -2094.797119140625 -791.46240234375
v 403.9725341796875 -2093.6162109375 -791.3508911132813
v 444.2153625488281 -2092.417724609375 -791.2266235351563
v 484.4307250976563 -2091.2001953125 -791.0904541015625
v 524.6317749023438 -2089.9619140625 -790.9432373046875
v 564.8316040039063 -2088.701904296875 -790.785888671875
v 605.043212890625 -2087.418212890625 -790.619384765625
v 645.2797241210938 -2086.109619140625 -790.4444580078125
v 685.55419921875 -2084.774658203125 -790.2620849609375
v 725.8797607421875 -2083.41162109375 -790.0731201171875
v 766.2694702148438 -2082.019287109375 -789.8784790039063
v 806.7363891601563 -2080.59619140625 -789.6790161132813
v 847.2936401367188 -2079.140625 -789.4756469726563
v 887.954345703125 -2077.651123046875 -789.2692260742188
v 928.7315063476563 -2076.12646484375 -789.0606689453125
v 969.63818359375 -2074.565185546875 -788.850830078125
v 1010.687561035156 -2072.965576171875 -788.640625
v 1051.892578125 -2071.326171875 -788.430908203125
v 1093.2666015625 -2069.645751953125 -788.2225952148438
v 1134.822387695313 -2067.92236328125 -788.0166015625
v 1176.5732421875 -2066.1552734375 -787.813720703125
v 1218.531860351563 -2064.34228515625 -787.6148681640625
v 1260.700439453125 -2062.484130859375 -787.4163818359375
v 1303.059936523438 -2060.5849609375 -787.2061157226563
v 1345.589477539063 -2058.6484375 -786.9711303710938
v 1388.26806640625 -2056.679443359375 -786.698486328125
v 131.9854736328125 -2140.499267578125 -824.6321411132813
v 175.1536865234375 -2139.75048828125 -825.7435302734375
v 218.2228698730469 -2138.99755859375 -826.8385009765625
v 261.2052917480469 -2138.23876953125 -827.9178466796875
v 304.1131896972656 -2137.471923828125 -828.982421875
v 346.9588317871094 -2136.695556640625 -830.0330200195313
v 389.7544250488281 -2135.90771484375 -831.0703125
v 432.51220703125 -2135.106689453125 -832.09521484375
v 475.2444763183594 -2134.29052734375 -833.1084594726563
v 517.9634399414063 -2133.45751953125 -834.1109008789063
v 560.681396484375 -2132.605712890625 -835.103271484375
v 603.4104614257813 -2131.7333984375 -836.0863647460938
v 646.1629638671875 -2130.8388671875 -837.0609741210938
v 688.9511108398438 -2129.920166015625 -838.0279541015625
v 731.7872314453125 -2128.975830078125 -838.988037109375
v 774.6834716796875 -2128.00341796875 -839.9420776367188
v 817.6521606445313 -2127.001708984375 -840.8908081054688
v 860.7055053710938 -2125.96875 -841.8350830078125
v 903.8560180664063 -2124.902587890625 -842.7758178710938
v 947.115966796875 -2123.80224609375 -843.7139892578125
v 990.497802734375 -2122.665283203125 -844.6504516601563
v 1034.013793945313 -2121.49072265625 -845.5860595703125
v 1077.676635742188 -2120.2763671875 -846.5217895507813
v 1121.498291015625 -2119.02099609375 -847.4585571289063
v 1165.491333007813 -2117.72265625 -848.3971557617188
v 1209.668090820313 -2116.379638671875 -849.338623046875
v 1254.040893554688 -2114.990478515625 -850.2837524414063
v 1298.611328125 -2113.55517578125 -851.2291259765625
v 1343.361694335938 -2112.077392578125 -852.163330078125
v 1388.271850585938 -2110.560546875 -853.0740966796875
v 1433.32177734375 -2109.0087890625 -853.9491577148438
v 118.873291015625 -2170.958740234375 -839.96435546875
v 162.8643646240234 -2170.909912109375 -841.4791870117188
v 206.7633361816406 -2170.863037109375 -842.9783935546875
v 250.5816345214844 -2170.815673828125 -844.4627075195313
v 294.3306274414063 -2170.765869140625 -845.932861328125
v 338.0217590332031 -2170.71142578125 -847.3895263671875
v 381.6664123535156 -2170.650146484375 -848.8334350585938
v 425.2760009765625 -2170.580078125 -850.2651977539063
v 468.8619079589844 -2170.498779296875 -851.6856079101563
v 512.435546875 -2170.404296875 -853.0953979492188
v 556.0083618164063 -2170.294677734375 -854.4951171875
v 599.5917358398438 -2170.167236328125 -855.8856201171875
v 643.197021484375 -2170.0205078125 -857.2675170898438
v 686.8356323242188 -2169.851806640625 -858.6415405273438
v 730.51904296875 -2169.6591796875 -860.0084228515625
v 774.2586059570313 -2169.440673828125 -861.3687744140625
v 818.0657348632813 -2169.19384765625 -862.723388671875
v 861.9520263671875 -2168.916748046875 -864.0730590820313
v 905.9290771484375 -2168.60791015625 -865.4187622070313
v 950.0086669921875 -2168.264892578125 -866.7613525390625
v 994.202392578125 -2167.886474609375 -868.1017456054688
v 1038.521850585938 -2167.47021484375 -869.4409790039063
v 1082.97900390625 -2167.0146484375 -870.7798461914063
v 1127.585205078125 -2166.517822265625 -872.1193237304688
v 1172.352172851563 -2165.977783203125 -873.4603271484375
v 1217.291748046875 -2165.392822265625 -874.8037719726563
v 1262.415405273438 -2164.760986328125 -876.1505737304688
v 1307.724731445313 -2164.082275390625 -877.49755859375
v 1353.20263671875 -2163.359375 -878.8339233398438
v 1398.830078125 -2162.595703125 -880.148193359375
v 1444.588256835938 -2161.794921875 -881.4287719726563
v 109.5502777099609 -2201.17333984375 -852.3894653320313
v 153.9317779541016 -2201.5283203125 -853.9951782226563
v 198.2281188964844 -2201.891357421875 -855.586181640625
v 242.4498443603516 -2202.259521484375 -857.1629638671875
v 286.6075134277344 -2202.63037109375 -858.7261962890625
v 330.7117004394531 -2203.001708984375 -860.2764892578125
v 374.7729797363281 -2203.37109375 -861.814453125
v 418.8018798828125 -2203.735595703125 -863.3406982421875
v 462.8090209960938 -2204.09326171875 -864.8557739257813
v 506.804931640625 -2204.441162109375 -866.3604125976563
v 550.8002319335938 -2204.77734375 -867.8550415039063
v 594.8053588867188 -2205.098876953125 -869.3404541015625
v 638.8309936523438 -2205.403564453125 -870.817138671875
v 682.8876342773438 -2205.688720703125 -872.2857666015625
v 726.9859008789063 -2205.951904296875 -873.7468872070313
v 771.1363525390625 -2206.190673828125 -875.201171875
v 815.3495483398438 -2206.40283203125 -876.649169921875
v 859.63623046875 -2206.5859375 -878.0917358398438
v 904.0075073242188 -2206.73779296875 -879.5298461914063
v 948.4742431640625 -2206.8564453125 -880.9644165039063
v 993.04736328125 -2206.93994140625 -882.3963012695313
v 1037.737915039063 -2206.986328125 -883.8265991210938
v 1082.557006835938 -2206.9931640625 -885.256103515625
v 1127.515258789063 -2206.958740234375 -886.6858520507813
v 1172.623901367188 -2206.881103515625 -888.1167602539063
v 1217.893798828125 -2206.7578125 -889.5498046875
v 1263.335815429688 -2206.587158203125 -890.98583984375
v 1308.951416015625 -2206.36865234375 -892.421875
v 1354.724487304688 -2206.104736328125 -893.8479614257813
v 1400.636962890625 -2205.798095703125 -895.253173828125
v 1446.670776367188 -2205.451904296875 -896.6267700195313
v 105.9670257568359 -2230.6962890625 -860.51025390625
v 150.4142456054688 -2231.26513671875 -862.1585083007813
v 194.7832183837891 -2231.84765625 -863.792724609375
v 239.0836486816406 -2232.44140625 -865.41357421875
v 283.3252563476563 -2233.04296875 -867.021484375
v 327.5177917480469 -2233.650146484375 -868.616943359375
v 371.6709899902344 -2234.259765625 -870.2005004882813
v 415.7945251464844 -2234.869384765625 -871.772705078125
v 459.8981628417969 -2235.4755859375 -873.3340454101563
v 503.9916076660156 -2236.076171875 -874.8850708007813
v 548.0846557617188 -2236.66796875 -876.4262084960938
v 592.1868896484375 -2237.248291015625 -877.9580078125
v 636.3081665039063 -2237.814453125 -879.4810791015625
v 680.4581298828125 -2238.363525390625 -880.9957885742188
v 724.6465454101563 -2238.892578125 -882.5027465820313
v 768.8831176757813 -2239.39892578125 -884.00244140625
v 813.1776123046875 -2239.879638671875 -885.4954833984375
v 857.5401000976563 -2240.332763671875 -886.9824829101563
v 901.9807739257813 -2240.75537109375 -888.464599609375
v 946.5099487304688 -2241.1455078125 -889.942626953125
v 991.1378173828125 -2241.501220703125 -891.4176025390625
v 1035.874755859375 -2241.81982421875 -892.8905029296875
v 1080.73095703125 -2242.099365234375 -894.3622436523438
v 1125.716674804688 -2242.33740234375 -895.8338012695313
v 1170.842041015625 -2242.53173828125 -897.3062133789063
v 1216.117553710938 -2242.680419921875 -898.7802734375
v 1261.553344726563 -2242.781005859375 -900.257080078125
v 1307.150512695313 -2242.83251953125 -901.7338256835938
v 1352.89404296875 -2242.83740234375 -903.2011108398438
v 1398.766723632813 -2242.7978515625 -904.6488647460938
v 1444.751586914063 -2242.71630859375 -906.0669555664063
v 105.2088394165039 -2256.295166015625 -865.2830810546875
v 149.5662231445313 -2256.967529296875 -866.918701171875
v 193.8522491455078 -2257.65966796875 -868.5411987304688
v 238.0758361816406 -2258.36865234375 -870.1509399414063
v 282.2458190917969 -2259.091064453125 -871.7483520507813
v 326.3711242675781 -2259.82373046875 -873.3339233398438
v 370.4606323242188 -2260.563720703125 -874.9080200195313
v 414.5232238769531 -2261.3076171875 -876.4710693359375
v 458.5678100585938 -2262.052734375 -878.0235595703125
v 502.6032104492188 -2262.79541015625 -879.5658569335938
v 546.638427734375 -2263.532958984375 -881.0983276367188
v 590.6822509765625 -2264.261962890625 -882.6215209960938
v 634.7435302734375 -2264.9794921875 -884.1358032226563
v 678.8312377929688 -2265.681884765625 -885.6415405273438
v 722.9542236328125 -2266.36669921875 -887.1392822265625
v 767.1213989257813 -2267.030517578125 -888.6293334960938
v 811.3416748046875 -2267.669921875 -890.1121826171875
v 855.624267578125 -2268.282470703125 -891.5885620117188
v 899.9788208007813 -2268.865966796875 -893.0595092773438
v 944.4148559570313 -2269.41748046875 -894.5259399414063
v 988.9419555664063 -2269.93505859375 -895.9888916015625
v 1033.569580078125 -2270.415771484375 -897.4493408203125
v 1078.307495117188 -2270.857666015625 -898.908203125
v 1123.164916992188 -2271.258056640625 -900.366455078125
v 1168.151733398438 -2271.614501953125 -901.8251953125
v 1213.277221679688 -2271.9248046875 -903.2852783203125
v 1258.551025390625 -2272.186279296875 -904.7476806640625
v 1303.974365234375 -2272.39794921875 -906.2100219726563
v 1349.53271484375 -2272.5615234375 -907.6634521484375
v 1395.210083007813 -2272.678955078125 -909.0986938476563
v 1440.990356445313 -2272.751953125 -910.5061645507813
v 105.3645172119141 -2279.146484375 -868.3275146484375
v 149.587158203125 -2279.796875 -869.8976440429688
v 193.7453765869141 -2280.47314453125 -871.4554443359375
v 237.8471984863281 -2281.171630859375 -873.001220703125
v 281.9006652832031 -2281.88916015625 -874.5353393554688
v 325.9138793945313 -2282.6220703125 -876.05810546875
v 369.8948364257813 -2283.36669921875 -877.5698852539063
v 413.8515625 -2284.119873046875 -879.0709838867188
v 457.7921752929688 -2284.8779296875 -880.5617065429688
v 501.7246704101563 -2285.637451171875 -882.0423583984375
v 545.6571655273438 -2286.39501953125 -883.513427734375
v 589.5975952148438 -2287.147216796875 -884.9750366210938
v 633.5540771484375 -2287.890380859375 -886.4276733398438
v 677.5346069335938 -2288.62109375 -887.87158203125
v 721.5473022460938 -2289.3359375 -889.30712890625
v 765.6001586914063 -2290.031494140625 -890.7346801757813
v 809.7012939453125 -2290.7041015625 -892.154541015625
v 853.8591918945313 -2291.35107421875 -893.5674438476563
v 898.0827026367188 -2291.969482421875 -894.974365234375
v 942.3807373046875 -2292.55712890625 -896.3763427734375
v 986.7620849609375 -2293.11083984375 -897.7743530273438
v 1031.235595703125 -2293.62841796875 -899.16943359375
v 1075.810180664063 -2294.10693359375 -900.5625610351563
v 1120.49462890625 -2294.544189453125 -901.9546508789063
v 1165.297729492188 -2294.937255859375 -903.3468627929688
v 1210.228393554688 -2295.283447265625 -904.7400512695313
v 1255.295532226563 -2295.58056640625 -906.13525390625
v 1300.499877929688 -2295.82666015625 -907.5302734375
v 1345.828247070313 -2296.0234375 -908.9169921875
v 1391.265258789063 -2296.172119140625 -910.2867431640625
v 1436.796264648438 -2296.274169921875 -911.630859375
v 106.1180038452148 -2303.583740234375 -871.016357421875
v 150.1905364990234 -2304.051513671875 -872.4954833984375
v 194.2055358886719 -2304.55078125 -873.963134765625
v 238.1702423095703 -2305.078369140625 -875.4194946289063
v 282.0918273925781 -2305.630126953125 -876.8648071289063
v 325.9775390625 -2306.2021484375 -878.2992553710938
v 369.8345642089844 -2306.790771484375 -879.7232055664063
v 413.6701049804688 -2307.39208984375 -881.1367797851563
v 457.4913635253906 -2308.002685546875 -882.540283203125
v 501.3055725097656 -2308.6181640625 -883.9338989257813
v 545.1199951171875 -2309.23486328125 -885.3179321289063
v 588.941650390625 -2309.849365234375 -886.6925659179688
v 632.7779541015625 -2310.45751953125 -888.0580444335938
v 676.6359252929688 -2311.055419921875 -889.4146728515625
v 720.52294921875 -2311.6396484375 -890.7625732421875
v 764.4461059570313 -2312.2060546875 -892.1021118164063
v 808.4127197265625 -2312.7509765625 -893.4334106445313
v 852.4305419921875 -2313.271240234375 -894.75732421875
v 896.5076904296875 -2313.763916015625 -896.0747680664063
v 940.6522827148438 -2314.2265625 -897.3867797851563
v 984.87255859375 -2314.65576171875 -898.6943969726563
v 1029.176513671875 -2315.04931640625 -899.9986572265625
v 1073.572509765625 -2315.40380859375 -901.300537109375
v 1118.068481445313 -2315.717041015625 -902.6010131835938
v 1162.672607421875 -2315.985595703125 -903.9011840820313
v 1207.39306640625 -2316.207275390625 -905.2020263671875
v 1252.238037109375 -2316.378662109375 -906.5045166015625
v 1297.208251953125 -2316.498779296875 -907.8067016601563
v 1342.291015625 -2316.56787109375 -909.1012573242188
v 1387.472534179688 -2316.5869140625 -910.3800659179688
v 1432.73876953125 -2316.55712890625 -911.63525390625
v 107.2758255004883 -2330.22021484375 -873.507568359375
v 151.1714019775391 -2330.406494140625 -874.8815307617188
v 195.0163726806641 -2330.630859375 -876.2448120117188
v 238.8171234130859 -2330.888671875 -877.5974731445313
v 282.5799865722656 -2331.176025390625 -878.9397583007813
v 326.3113708496094 -2331.48876953125 -880.271728515625
v 370.0176086425781 -2331.82275390625 -881.5935668945313
v 413.7051086425781 -2332.173828125 -882.9054565429688
v 457.3801879882813 -2332.537841796875 -884.20751953125
v 501.0492553710938 -2332.91064453125 -885.4998779296875
v 544.71875 -2333.288330078125 -886.7826538085938
v 588.3948974609375 -2333.666259765625 -888.0560913085938
v 632.0841064453125 -2334.040771484375 -889.3201904296875
v 675.792724609375 -2334.40771484375 -890.5752563476563
v 719.5272216796875 -2334.762451171875 -891.8213500976563
v 763.2938842773438 -2335.101318359375 -893.05859375
v 807.09912109375 -2335.419921875 -894.2872314453125
v 850.9500122070313 -2335.715087890625 -895.5078735351563
v 894.8539428710938 -2335.983642578125 -896.7216186523438
v 938.8182983398438 -2336.222412109375 -897.929443359375
v 982.8505859375 -2336.4287109375 -899.1324462890625
v 1026.958251953125 -2336.599365234375 -900.3316040039063
v 1071.148681640625 -2336.7314453125 -901.5280151367188
v 1115.429443359375 -2336.822021484375 -902.72265625
v 1159.807739257813 -2336.86767578125 -903.9165649414063
v 1204.291137695313 -2336.865966796875 -905.1107788085938
v 1248.887084960938 -2336.8134765625 -906.306396484375
v 1293.59619140625 -2336.708740234375 -907.5015869140625
v 1338.406860351563 -2336.551513671875 -908.6896362304688
v 1383.305908203125 -2336.3427734375 -909.8633422851563
v 1428.280395507813 -2336.082275390625 -911.0153198242188
v 108.6565856933594 -2358.942626953125 -875.731201171875
v 152.3297119140625 -2358.830078125 -876.9937744140625
v 195.9591674804688 -2358.76123046875 -878.2464599609375
v 239.5504608154297 -2358.731689453125 -879.4892578125
v 283.1091003417969 -2358.737060546875 -880.7223510742188
v 326.6406860351563 -2358.77294921875 -881.9456176757813
v 370.1506652832031 -2358.83447265625 -883.1592407226563
v 413.6445922851563 -2358.917724609375 -884.3632202148438
v 457.1280517578125 -2359.017822265625 -885.5576171875
v 500.6065063476563 -2359.13037109375 -886.7424926757813
v 544.0855102539063 -2359.2509765625 -887.9179077148438
v 587.5706176757813 -2359.375 -889.0838623046875
v 631.0672607421875 -2359.498291015625 -890.240478515625
v 674.5810546875 -2359.6162109375 -891.3878173828125
v 718.1175537109375 -2359.723876953125 -892.5258178710938
v 761.6821899414063 -2359.817626953125 -893.6546630859375
v 805.2806396484375 -2359.892333984375 -894.7743530273438
v 848.9190673828125 -2359.944580078125 -895.8856201171875
v 892.604248046875 -2359.97119140625 -896.989501953125
v 936.3429565429688 -2359.96875 -898.0869750976563
v 980.1417846679688 -2359.934326171875 -899.1791381835938
v 1024.007568359375 -2359.86474609375 -900.26708984375
v 1067.947143554688 -2359.75634765625 -901.351806640625
v 1111.967041015625 -2359.606689453125 -902.4343872070313
v 1156.074096679688 -2359.411865234375 -903.515869140625
v 1200.27490234375 -2359.169189453125 -904.5973510742188
v 1244.576416015625 -2358.875244140625 -905.6798095703125
v 1288.97900390625 -2358.52783203125 -906.7617797851563
v 1333.471801757813 -2358.126708984375 -907.8372192382813
v 1378.04296875 -2357.672119140625 -908.8995971679688
v 1422.680419921875 -2357.163818359375 -909.9422607421875
v 110.1200714111328 -2389.658203125 -877.6079711914063
v 153.5101470947266 -2389.296875 -878.7607421875
v 196.8634490966797 -2388.9853515625 -879.9044799804688
v 240.1846771240234 -2388.718994140625 -881.0390625
v 283.478515625 -2388.49267578125 -882.1644897460938
v 326.7496337890625 -2388.3017578125 -883.28076171875
v 370.0027465820313 -2388.141357421875 -884.3876953125
v 413.2425231933594 -2388.007080078125 -885.4854125976563
v 456.4736938476563 -2387.8935546875 -886.5737915039063
v 499.7008972167969 -2387.796142578125 -887.65283203125
v 542.9288940429688 -2387.710205078125 -888.722412109375
v 586.1622924804688 -2387.630615234375 -889.7825927734375
v 629.4058227539063 -2387.552978515625 -890.8333129882813
v 672.6641235351563 -2387.47216796875 -891.8744506835938
v 715.9419555664063 -2387.38330078125 -892.9060668945313
v 759.2440185546875 -2387.281982421875 -893.9281005859375
v 802.5750122070313 -2387.1630859375 -894.9405517578125
v 845.9403686523438 -2387.02294921875 -895.9439697265625
v 889.3462524414063 -2386.85791015625 -896.9395751953125
v 932.798583984375 -2386.664794921875 -897.9282836914063
v 976.3034057617188 -2386.43994140625 -898.9112548828125
v 1019.866760253906 -2386.18017578125 -899.8895874023438
v 1063.494750976563 -2385.882080078125 -900.8642578125
v 1107.193237304688 -2385.54248046875 -901.83642578125
v 1150.96826171875 -2385.157470703125 -902.8070678710938
v 1194.826049804688 -2384.72412109375 -903.7774047851563
v 1238.7724609375 -2384.23876953125 -904.7483520507813
v 1282.807739257813 -2383.69921875 -905.71875
v 1326.922241210938 -2383.104736328125 -906.6831665039063
v 1371.104858398438 -2382.45458984375 -907.6358032226563
v 1415.344604492188 -2381.74853515625 -908.5707397460938
v 111.8151321411133 -2422.41552734375 -878.9945678710938
v 154.8711547851563 -2421.833251953125 -880.0453491210938
v 197.8973236083984 -2421.30712890625 -881.087890625
v 240.8974914550781 -2420.83154296875 -882.1219482421875
v 283.87548828125 -2420.401611328125 -883.1475219726563
v 326.8351745605469 -2420.011962890625 -884.1644287109375
v 369.7804260253906 -2419.65771484375 -885.1725463867188
v 412.7150573730469 -2419.33349609375 -886.1716918945313
v 455.6429443359375 -2419.034423828125 -887.1618041992188
v 498.5679321289063 -2418.7548828125 -888.1427001953125
v 541.493896484375 -2418.490234375 -889.1142578125
v 584.4246215820313 -2418.235107421875 -890.0763549804688
v 627.3639526367188 -2417.984375 -891.0288696289063
v 670.3158569335938 -2417.73291015625 -891.9716796875
v 713.2840576171875 -2417.4755859375 -892.9046020507813
v 756.2724609375 -2417.207275390625 -893.8275146484375
v 799.2849731445313 -2416.922607421875 -894.7404174804688
v 842.3263549804688 -2416.617919921875 -895.643798828125
v 885.40185546875 -2416.289306640625 -896.538818359375
v 928.516845703125 -2415.93310546875 -897.4265747070313
v 971.6766357421875 -2415.5458984375 -898.30810546875
v 1014.886535644531 -2415.1240234375 -899.1845092773438
v 1058.151977539063 -2414.6640625 -900.056884765625
v 1101.47802734375 -2414.162109375 -900.9263305664063
v 1144.870239257813 -2413.614990234375 -901.7939453125
v 1188.333740234375 -2413.018798828125 -902.6608276367188
v 1231.8740234375 -2412.370361328125 -903.5280151367188
v 1275.491333007813 -2411.66650390625 -904.3945922851563
v 1319.176391601563 -2410.90625 -905.2557373046875
v 1362.91943359375 -2410.0888671875 -906.1063842773438
v 1406.71044921875 -2409.212890625 -906.94140625
v 114.0143737792969 -2457.32421875 -879.7203979492188
v 156.70556640625 -2456.488037109375 -880.6822509765625
v 199.3738098144531 -2455.7138671875 -881.63671875
v 242.0221252441406 -2454.99609375 -882.58349609375
v 284.6535034179688 -2454.329345703125 -883.5223388671875
v 327.27099609375 -2453.707763671875 -884.4530639648438
v 369.8775939941406 -2453.126220703125 -885.3754272460938
v 412.4762878417969 -2452.5791015625 -886.2891845703125
v 455.0701293945313 -2452.060791015625 -887.1941528320313
v 497.6620788574219 -2451.566162109375 -888.090087890625
v 540.2552490234375 -2451.089599609375 -888.9767456054688
v 582.8525390625 -2450.62548828125 -889.8539428710938
v 625.4569702148438 -2450.168701171875 -890.721435546875
v 668.071533203125 -2449.713134765625 -891.5789794921875
v 710.6993408203125 -2449.25390625 -892.4263916015625
v 753.3433837890625 -2448.785400390625 -893.263427734375
v 796.0066528320313 -2448.302001953125 -894.0899047851563
v 838.6932373046875 -2447.79931640625 -894.9063720703125
v 881.4075927734375 -2447.273681640625 -895.7139892578125
v 924.1544799804688 -2446.721435546875 -896.5138549804688
v 966.9384765625 -2446.138427734375 -897.3070678710938
v 1009.764099121094 -2445.521240234375 -898.0947875976563
v 1052.636108398438 -2444.8662109375 -898.8779907226563
v 1095.55908203125 -2444.1689453125 -899.6578979492188
v 1138.53759765625 -2443.42626953125 -900.4356079101563
v 1181.576171875 -2442.63427734375 -901.2122192382813
v 1224.679565429688 -2441.789306640625 -901.98876953125
v 1267.847900390625 -2440.887939453125 -902.7646484375
v 1311.072875976563 -2439.928955078125 -903.5357055664063
v 1354.345581054688 -2438.91064453125 -904.2975463867188
v 1397.656982421875 -2437.831787109375 -905.0457153320313
v 116.9908599853516 -2494.494384765625 -879.6145629882813
v 159.3066864013672 -2493.309814453125 -880.5061645507813
v 201.6064910888672 -2492.193115234375 -881.3910522460938
v 243.8924407958984 -2491.138427734375 -882.26904296875
v 286.1666870117188 -2490.14013671875 -883.1397094726563
v 328.4314575195313 -2489.192138671875 -884.0028076171875
v 370.6888732910156 -2488.28857421875 -884.8580322265625
v 412.9411010742188 -2487.424072265625 -885.7049560546875
v 455.1903381347656 -2486.592529296875 -886.5433349609375
v 497.4387817382813 -2485.7880859375 -887.3728637695313
v 539.6885375976563 -2485.0048828125 -888.1931762695313
v 581.94189453125 -2484.237548828125 -889.0040283203125
v 624.2008666992188 -2483.479736328125 -889.8050537109375
v 666.4677124023438 -2482.725830078125 -890.5958862304688
v 708.7445678710938 -2481.97021484375 -891.3763427734375
v 751.03369140625 -2481.206787109375 -892.14599609375
v 793.3372192382813 -2480.429931640625 -892.9046020507813
v 835.6583862304688 -2479.635009765625 -893.6527709960938
v 878.0011596679688 -2478.81787109375 -894.3916015625
v 920.369384765625 -2477.974853515625 -895.1221313476563
v 962.7670288085938 -2477.101806640625 -895.8455810546875
v 1005.197937011719 -2476.19482421875 -896.5631103515625
v 1047.666015625 -2475.249755859375 -897.2757568359375
v 1090.17529296875 -2474.262939453125 -897.9846801757813
v 1132.729614257813 -2473.230224609375 -898.6909790039063
v 1175.332763671875 -2472.147705078125 -899.3958740234375
v 1217.98876953125 -2471.011474609375 -900.1004028320313
v 1260.697631835938 -2469.818115234375 -900.8041381835938
v 1303.451904296875 -2468.565673828125 -901.5036010742188
v 1346.243774414063 -2467.252197265625 -902.1951904296875
v 1389.065185546875 -2465.875732421875 -902.8750610351563
v 120.8943939208984 -2533.361572265625 -878.5848999023438
v 162.8255157470703 -2531.725830078125 -879.424560546875
v 204.7475280761719 -2530.163818359375 -880.2583618164063
v 246.6617584228516 -2528.669677734375 -881.0859375
v 288.5695495605469 -2527.23681640625 -881.9068603515625
v 330.4721984863281 -2525.859619140625 -882.720703125
v 372.37109375 -2524.53173828125 -883.527099609375
v 414.2675476074219 -2523.246826171875 -884.3255615234375
v 456.1628723144531 -2521.9990234375 -885.1157836914063
v 498.0584106445313 -2520.781982421875 -885.8972778320313
v 539.9555053710938 -2519.589599609375 -886.6696166992188
v 581.8555297851563 -2518.416015625 -887.4324951171875
v 623.7597045898438 -2517.254638671875 -888.1854248046875
v 665.66943359375 -2516.099609375 -888.9280395507813
v 707.5859985351563 -2514.944580078125 -889.6598510742188
v 749.5108032226563 -2513.78369140625 -890.3805541992188
v 791.4452514648438 -2512.610595703125 -891.0897216796875
v 833.3917236328125 -2511.42041015625 -891.7879028320313
v 875.353515625 -2510.209228515625 -892.4762573242188
v 917.3338012695313 -2508.97265625 -893.1558837890625
v 959.335693359375 -2507.70654296875 -893.8280029296875
v 1001.362548828125 -2506.406982421875 -894.4937133789063
v 1043.417358398438 -2505.0693359375 -895.1541137695313
v 1085.503662109375 -2503.68994140625 -895.8104858398438
v 1127.624389648438 -2502.264404296875 -896.4638061523438
v 1169.78271484375 -2500.78857421875 -897.1153564453125
v 1211.98193359375 -2499.258544921875 -897.7662353515625
v 1254.221923828125 -2497.67041015625 -898.4161987304688
v 1296.496337890625 -2496.021728515625 -899.0625610351563
v 1338.797973632813 -2494.310302734375 -899.7022094726563
v 1381.119873046875 -2492.533447265625 -900.3322143554688
v 124.8150863647461 -2567.567626953125 -877.2144775390625
v 166.1893310546875 -2565.825439453125 -877.9724731445313
v 207.5613861083984 -2564.163330078125 -878.7254638671875
v 248.9317321777344 -2562.574462890625 -879.4729614257813
v 290.3008422851563 -2561.052490234375 -880.2144165039063
v 331.6692810058594 -2559.591064453125 -880.9492797851563
v 373.0374450683594 -2558.18359375 -881.6771850585938
v 414.4059143066406 -2556.823486328125 -882.3975219726563
v 455.775146484375 -2555.50439453125 -883.1098022460938
v 497.1456298828125 -2554.219970703125 -883.8135986328125
v 538.5178833007813 -2552.96337890625 -884.50830078125
v 579.892333984375 -2551.728515625 -885.1934814453125
v 621.2695922851563 -2550.508544921875 -885.8685913085938
v 662.6500244140625 -2549.29736328125 -886.533203125
v 704.0341186523438 -2548.088134765625 -887.186767578125
v 745.4224853515625 -2546.874755859375 -887.8287353515625
v 786.815673828125 -2545.650390625 -888.458740234375
v 828.21533203125 -2544.410400390625 -889.0772705078125
v 869.6239013671875 -2543.14990234375 -889.6854858398438
v 911.0440063476563 -2541.86474609375 -890.2844848632813
v 952.4780883789063 -2540.55078125 -890.8755493164063
v 993.9285888671875 -2539.203369140625 -891.459716796875
v 1035.398071289063 -2537.818359375 -892.0382690429688
v 1076.88916015625 -2536.391357421875 -892.6122436523438
v 1118.404052734375 -2534.918212890625 -893.1829223632813
v 1159.945434570313 -2533.39404296875 -893.75146484375
v 1201.515747070313 -2531.815185546875 -894.3189697265625
v 1243.11474609375 -2530.17724609375 -894.8854370117188
v 1284.736938476563 -2528.4775390625 -895.4489135742188
v 1326.376220703125 -2526.713134765625 -896.0069580078125
v 1368.026611328125 -2524.880859375 -896.557373046875
v 127.6824951171875 -2590.974365234375 -876.1812744140625
v 168.1617431640625 -2589.869140625 -876.7841796875
v 208.6457061767578 -2588.849853515625 -877.3828125
v 249.1340484619141 -2587.90966796875 -877.9766845703125
v 289.6264038085938 -2587.04150390625 -878.565185546875
v 330.1224365234375 -2586.239013671875 -879.1476440429688
v 370.621826171875 -2585.4951171875 -879.7235717773438
v 411.1241760253906 -2584.802978515625 -880.292236328125
v 451.6291809082031 -2584.15576171875 -880.8532104492188
v 492.136474609375 -2583.546875 -881.40576171875
v 532.645751953125 -2582.96923828125 -881.9493408203125
v 573.1566162109375 -2582.416015625 -882.4833374023438
v 613.668701171875 -2581.880859375 -883.0072021484375
v 654.1817626953125 -2581.3564453125 -883.5203247070313
v 694.6953125 -2580.836181640625 -884.0220947265625
v 735.2091064453125 -2580.3134765625 -884.5119018554688
v 775.722900390625 -2579.78125 -884.9892578125
v 816.237548828125 -2579.234130859375 -885.4546508789063
v 856.7548828125 -2578.66748046875 -885.9092407226563
v 897.2766723632813 -2578.0771484375 -886.3541259765625
v 937.8047485351563 -2577.458251953125 -886.7906494140625
v 978.3409423828125 -2576.806396484375 -887.2198486328125
v 1018.886901855469 -2576.116943359375 -887.6429443359375
v 1059.444580078125 -2575.385498046875 -888.0612182617188
v 1100.015625 -2574.607666015625 -888.4757080078125
v 1140.601928710938 -2573.778564453125 -888.8876953125
v 1181.205200195313 -2572.893798828125 -889.29833984375
v 1221.825073242188 -2571.94921875 -889.7079467773438
v 1262.45703125 -2570.941650390625 -890.114990234375
v 1303.095825195313 -2569.8671875 -890.5180053710938
v 1343.736572265625 -2568.722900390625 -890.9153442382813
v 129.9970855712891 -2610.434814453125 -875.130615234375
v 169.4027252197266 -2609.966796875 -875.5774536132813
v 208.8199768066406 -2609.590576171875 -876.0209350585938
v 248.2476959228516 -2609.299072265625 -876.4602661132813
v 287.6846618652344 -2609.0849609375 -876.8948974609375
v 327.1296997070313 -2608.94140625 -877.3240356445313
v 366.5816345214844 -2608.861328125 -877.7470092773438
v 406.0392761230469 -2608.837158203125 -878.1631469726563
v 445.5014343261719 -2608.862060546875 -878.57177734375
v 484.9669494628906 -2608.928955078125 -878.9722290039063
v 524.4346313476563 -2609.030517578125 -879.36376953125
v 563.9032592773438 -2609.159423828125 -879.7456665039063
v 603.3716430664063 -2609.30908203125 -880.1173706054688
v 642.838623046875 -2609.471923828125 -880.4780883789063
v 682.3030395507813 -2609.640625 -880.8271484375
v 721.7636108398438 -2609.80859375 -881.1638793945313
v 761.2193603515625 -2609.968505859375 -881.4876708984375
v 800.6704711914063 -2610.114501953125 -881.7990112304688
v 840.117919921875 -2610.2421875 -882.0989990234375
v 879.5628051757813 -2610.3466796875 -882.388916015625
v 919.0062866210938 -2610.423095703125 -882.669921875
v 958.4494018554688 -2610.467041015625 -882.9432373046875
v 997.8932495117188 -2610.473388671875 -883.2100219726563
v 1037.3388671875 -2610.437744140625 -883.4715576171875
v 1076.78759765625 -2610.355224609375 -883.72900390625
v 1116.240112304688 -2610.22119140625 -883.9835815429688
v 1155.69775390625 -2610.031005859375 -884.2364501953125
v 1195.159912109375 -2609.780029296875 -884.4881591796875
v 1234.622802734375 -2609.46435546875 -884.7379150390625
v 1274.08251953125 -2609.080322265625 -884.9849243164063
v 1313.535034179688 -2608.6240234375 -885.228271484375
v 132.2426300048828 -2630.778076171875 -873.7216186523438
v 170.4591217041016 -2630.551513671875 -874.0496215820313
v 208.6941528320313 -2630.4228515625 -874.375
v 246.9457092285156 -2630.384521484375 -874.6970825195313
v 285.2117614746094 -2630.42919921875 -875.0149536132813
v 323.4902954101563 -2630.549072265625 -875.3279418945313
v 361.7792663574219 -2630.737060546875 -875.6351928710938
v 400.0766906738281 -2630.985595703125 -875.9359741210938
v 438.3804626464844 -2631.287109375 -876.2294921875
v 476.6886596679688 -2631.63427734375 -876.5149536132813
v 514.9992065429688 -2632.019287109375 -876.7916259765625
v 553.31005859375 -2632.43505859375 -877.0586547851563
v 591.6192626953125 -2632.873779296875 -877.3153076171875
v 629.9246826171875 -2633.328125 -877.560791015625
v 668.224365234375 -2633.79052734375 -877.7943725585938
v 706.5162353515625 -2634.25390625 -878.0151977539063
v 744.7984619140625 -2634.710205078125 -878.22265625
v 783.0704345703125 -2635.154052734375 -878.4170532226563
v 821.3323974609375 -2635.580322265625 -878.5996704101563
v 859.5848999023438 -2635.984130859375 -878.771728515625
v 897.8282470703125 -2636.3603515625 -878.9344482421875
v 936.0628662109375 -2636.704345703125 -879.0890502929688
v 974.2890625 -2637.010986328125 -879.2367553710938
v 1012.507202148438 -2637.275634765625 -879.3787231445313
v 1050.7177734375 -2637.4931640625 -879.5162353515625
v 1088.921142578125 -2637.65869140625 -879.6505737304688
v 1127.11767578125 -2637.767578125 -879.7828369140625
v 1165.306640625 -2637.814453125 -879.9138793945313
v 1203.484985351563 -2637.795654296875 -880.0435791015625
v 1241.650146484375 -2637.706298828125 -880.1717529296875
v 1279.798706054688 -2637.54248046875 -880.2982788085938
v 134.6124572753906 -2653.17578125 -871.8059692382813
v 171.4652404785156 -2652.833984375 -872.0467529296875
v 208.3434753417969 -2652.595947265625 -872.2857666015625
v 245.2443084716797 -2652.453857421875 -872.5220947265625
v 282.1648864746094 -2652.400146484375 -872.7548828125
v 319.1023254394531 -2652.4267578125 -872.9833374023438
v 356.0537719726563 -2652.526123046875 -873.2064819335938
v 393.016357421875 -2652.690185546875 -873.4235229492188
v 429.9872131347656 -2652.911376953125 -873.633544921875
v 466.9635009765625 -2653.181884765625 -873.835693359375
v 503.9423522949219 -2653.49365234375 -874.0291137695313
v 540.9208984375 -2653.8388671875 -874.212890625
v 577.896240234375 -2654.2099609375 -874.3861694335938
v 614.8656005859375 -2654.59912109375 -874.5480346679688
v 651.8259887695313 -2654.998291015625 -874.69775390625
v 688.7745971679688 -2655.39990234375 -874.8342895507813
v 725.7086791992188 -2655.7958984375 -874.9569702148438
v 762.626953125 -2656.1806640625 -875.0661010742188
v 799.5289306640625 -2656.548583984375 -875.1629638671875
v 836.4144287109375 -2656.89453125 -875.2488403320313
v 873.2830810546875 -2657.2138671875 -875.3248901367188
v 910.1345825195313 -2657.5009765625 -875.3923950195313
v 946.968505859375 -2657.751220703125 -875.4525146484375
v 983.78466796875 -2657.959228515625 -875.5066528320313
v 1020.582702636719 -2658.119873046875 -875.555908203125
v 1057.3623046875 -2658.22802734375 -875.6015625
v 1094.123046875 -2658.27880859375 -875.6448974609375
v 1130.864013671875 -2658.266845703125 -875.6868286132813
v 1167.58349609375 -2658.187744140625 -875.7280883789063
v 1204.279418945313 -2658.036376953125 -875.7691040039063
v 1240.949584960938 -2657.807861328125 -875.8104248046875
v 137.2949523925781 -2678.737060546875 -869.2387084960938
v 172.5483093261719 -2677.968994140625 -869.4176025390625
v 207.8340301513672 -2677.310546875 -869.595458984375
v 243.1484222412109 -2676.754150390625 -869.7714233398438
v 278.48779296875 -2676.291015625 -869.9445190429688
v 313.8484191894531 -2675.91357421875 -870.1137084960938
v 349.2266235351563 -2675.61328125 -870.2781372070313
v 384.6186828613281 -2675.38232421875 -870.4367065429688
v 420.0208740234375 -2675.21240234375 -870.5885620117188
v 455.4295654296875 -2675.09521484375 -870.7327270507813
v 490.8409729003906 -2675.022705078125 -870.8681640625
v 526.25146484375 -2674.987060546875 -870.9940185546875
v 561.6573486328125 -2674.9794921875 -871.1091918945313
v 597.0548095703125 -2674.992431640625 -871.2128295898438
v 632.440185546875 -2675.017578125 -871.303955078125
v 667.809814453125 -2675.04638671875 -871.3815307617188
v 703.1600952148438 -2675.071533203125 -871.4447631835938
v 738.4888916015625 -2675.0859375 -871.4940185546875
v 773.7952270507813 -2675.084716796875 -871.5304565429688
v 809.0780029296875 -2675.0625 -871.555419921875
v 844.3362426757813 -2675.013671875 -871.5701293945313
v 879.56884765625 -2674.933349609375 -871.5758056640625
v 914.77490234375 -2674.816162109375 -871.5737915039063
v 949.9532470703125 -2674.656494140625 -871.5653076171875
v 985.1029663085938 -2674.449462890625 -871.5516357421875
v 1020.222961425781 -2674.189453125 -871.5339965820313
v 1055.312255859375 -2673.871337890625 -871.513671875
v 1090.369750976563 -2673.48974609375 -871.4918823242188
v 1125.39453125 -2673.039306640625 -871.469970703125
v 1160.385498046875 -2672.51513671875 -871.4490966796875
v 1195.341552734375 -2671.911376953125 -871.4306030273438